0 0.6821503759398496 0.7152283105022831 0.02876691729323308 0.019748858447488585
3 0.5693834586466165 0.8770890410958905 0.02772932330827068 0.021404109589041095
5 0.6545714285714286 0.47820776255707764 0.05043609022556391 0.033641552511415526
5 0.24285714285714285 0.6438127853881279 0.021353383458646614 0.017077625570776255
0 0.6191578947368421 0.6045319634703197 0.02772932330827068 0.020251141552511415
5 0.2718646616541353 0.21081050228310502 0.03281203007518797 0.022488584474885845
5 0.6469624060150376 0.32053652968036533 0.02693233082706767 0.018242009132420092
0 0.5075789473684211 0.6061301369863014 0.037187969924812034 0.024703196347031966
1 0.5327518796992481 0.5011529680365296 0.02031578947368421 0.012545662100456621
1 0.657157894736842 0.8150570776255708 0.021654135338345867 0.015011415525114155
2 0.751218045112782 0.43634703196347036 0.022631578947368423 0.022819634703196347
5 0.18003007518796993 0.19751141552511417 0.023894736842105264 0.014726027397260274
5 0.6749172932330827 0.7906506849315069 0.024360902255639097 0.017100456621004567
5 0.4929774436090225 0.8864611872146119 0.031233082706766918 0.02526255707762557
5 0.7490977443609023 0.6779566210045662 0.01845112781954887 0.013904109589041095
5 0.5630977443609022 0.5754908675799086 0.04234586466165414 0.023972602739726026
5 0.7777593984962407 0.47519406392694064 0.011503759398496242 0.010296803652968036
5 0.3629022556390978 0.22267123287671234 0.033473684210526315 0.016472602739726026
5 0.41297744360902255 0.25723744292237444 0.026165413533834583 0.017534246575342465
5 0.44616541353383454 0.23554794520547945 0.01912781954887218 0.014954337899543379