5 0.5951948051948052 0.5388757396449704 0.02074025974025974 0.025088757396449706
5 0.4862597402597403 0.7341420118343195 0.014792207792207792 0.03149901380670612
5 0.38688311688311683 0.48268244575936886 0.01964935064935065 0.022958579881656806
5 0.40275324675324675 0.5907692307692307 0.015220779220779222 0.02396449704142012
5 0.39628571428571424 0.512406311637081 0.015155844155844155 0.014832347140039446
5 0.6169610389610389 0.5143786982248522 0.016246753246753246 0.020552268244575938
5 0.5293246753246753 0.7155226824457593 0.011935064935064934 0.03514792899408284
5 0.396025974025974 0.5320118343195267 0.016974025974025975 0.013136094674556214
5 0.5951688311688311 0.6468639053254438 0.014662337662337661 0.022090729783037475
5 0.590012987012987 0.6130177514792899 0.017493506493506495 0.024792899408284025
5 0.4578441558441559 0.72767258382643 0.014766233766233766 0.01913214990138067
5 0.387961038961039 0.46039447731755423 0.0122987012987013 0.01272189349112426
5 0.5585584415584415 0.5884023668639053 0.01381818181818182 0.017810650887573963
5 0.5436493506493507 0.7146351084812623 0.010233766233766234 0.02145956607495069
5 0.5482207792207792 0.6823668639053254 0.012064935064935063 0.014792899408284023
5 0.645012987012987 0.5068836291913216 0.011493506493506493 0.015936883629191323
5 0.4406493506493507 0.6404536489151873 0.012207792207792209 0.016173570019723863
5 0.41003896103896104 0.6235502958579882 0.014597402597402599 0.01871794871794872
5 0.5413376623376623 0.4025049309664694 0.013103896103896104 0.01850098619329389
5 0.5964025974025974 0.5711834319526626 0.012181818181818183 0.01850098619329389
5 0.4549090909090909 0.13865877712031557 0.014649350649350648 0.01895463510848126
5 0.5582207792207792 0.6512426035502958 0.013181818181818182 0.020828402366863907
5 0.5926363636363636 0.6730374753451677 0.023233766233766235 0.021952662721893494