0 0.66115234375 0.6269921875 0.0206640625 0.0225
0 0.39603515625 0.27552734375 0.0141015625 0.019140625
0 0.59357421875 0.2728125 0.01224609375 0.0116015625
0 0.56716796875 0.29759765625 0.0109375 0.01234375
0 0.4190234375 0.26638671875 0.01314453125 0.01642578125
5 0.6808984375 0.65009765625 0.016484375 0.01654296875
5 0.371875 0.675546875 0.0126953125 0.0137109375
5 0.3667578125 0.80701171875 0.01044921875 0.01158203125
5 0.61958984375 0.806171875 0.0082421875 0.01095703125
5 0.65294921875 0.6510546875 0.0143359375 0.01349609375
5 0.41796875 0.59671875 0.00994140625 0.00892578125
5 0.56509765625 0.6834765625 0.011484375 0.0108984375
5 0.49888671875 0.34158203125 0.008828125 0.00716796875
5 0.49396484375 0.3086328125 0.0167578125 0.0229296875
5 0.40087890625 0.33154296875 0.0287109375 0.018828125