5 0.6628515625 0.8385546875 0.02322265625 0.02212890625
5 0.64607421875 0.815390625 0.02306640625 0.026484375
0 0.6208203125 0.78890625 0.01734375 0.01693359375
0 0.65232421875 0.3444921875 0.0194921875 0.0153515625
5 0.613125 0.6497265625 0.01572265625 0.01376953125
0 0.59529296875 0.35357421875 0.013125 0.00904296875
0 0.593359375 0.341953125 0.0140625 0.0113671875
5 0.60427734375 0.29224609375 0.01341796875 0.01435546875
5 0.7018359375 0.72044921875 0.01330078125 0.01423828125
5 0.77837890625 0.7483984375 0.010390625 0.011796875
5 0.46564453125 0.56375 0.0101953125 0.010625
0 0.53751953125 0.5891796875 0.01408203125 0.010390625
5 0.76068359375 0.69125 0.0129296875 0.01720703125
0 0.57318359375 0.79673828125 0.0141796875 0.01458984375
5 0.735234375 0.88775390625 0.01412109375 0.013515625
5 0.68345703125 0.86484375 0.01078125 0.01099609375