5 0.5773046875 0.8583984375 0.02271484375 0.0273828125
0 0.54623046875 0.3768359375 0.02005859375 0.02140625
5 0.50814453125 0.3959765625 0.03251953125 0.0275
0 0.786328125 0.441015625 0.03853515625 0.03125
5 0.80685546875 0.55283203125 0.0187890625 0.0288671875
5 0.4933203125 0.55626953125 0.0170703125 0.01810546875
5 0.530859375 0.52361328125 0.02138671875 0.01568359375
5 0.4373046875 0.40962890625 0.02095703125 0.013359375
5 0.4165625 0.3795703125 0.01861328125 0.014765625
5 0.7437109375 0.5648046875 0.02412109375 0.028125
5 0.8105859375 0.588046875 0.02017578125 0.0247265625