5 0.60482421875 0.68248046875 0.01875 0.018828125
5 0.66255859375 0.68474609375 0.01779296875 0.02470703125
5 0.60458984375 0.71263671875 0.0276953125 0.0283203125
5 0.5923828125 0.8004296875 0.03056640625 0.02025390625
5 0.62783203125 0.6037109375 0.02330078125 0.02322265625
5 0.50578125 0.30775390625 0.0160546875 0.01744140625
5 0.756171875 0.64759765625 0.020625 0.01869140625
5 0.7462109375 0.632109375 0.01654296875 0.0197265625
5 0.60234375 0.23798828125 0.0176171875 0.01556640625
5 0.5811328125 0.19357421875 0.02482421875 0.016328125
0 0.70716796875 0.31474609375 0.01638671875 0.01751953125
1 0.824609375 0.50732421875 0.01431640625 0.0132421875
1 0.84060546875 0.53724609375 0.01498046875 0.0121484375
5 0.8483203125 0.31349609375 0.014765625 0.0151171875