0 0.6660546875 0.63923828125 0.0281640625 0.02462890625
0 0.37587890625 0.56369140625 0.029921875 0.01755859375
0 0.30515625 0.3556640625 0.02125 0.02431640625
0 0.668046875 0.60763671875 0.0258984375 0.02873046875
0 0.72583984375 0.3819140625 0.01765625 0.0281640625
5 0.3722265625 0.3451171875 0.017265625 0.01453125
5 0.6401171875 0.31298828125 0.0182421875 0.0176171875
2 0.58009765625 0.3813671875 0.02662109375 0.0323828125
2 0.7126171875 0.6948828125 0.03240234375 0.028828125
2 0.73697265625 0.526328125 0.0168359375 0.01671875
2 0.3328515625 0.677265625 0.01845703125 0.01693359375
1 0.429921875 0.3878515625 0.01671875 0.0198828125