3 0.48314453125 0.76234375 0.03494140625 0.02529296875
5 0.32921875 0.7676171875 0.02751953125 0.0271875
0 0.39201171875 0.7916796875 0.03146484375 0.02892578125
5 0.6529296875 0.739375 0.0228515625 0.02275390625
5 0.68130859375 0.78560546875 0.01666015625 0.02697265625
5 0.34345703125 0.6140625 0.01833984375 0.01966796875
5 0.63517578125 0.650078125 0.01560546875 0.01353515625
5 0.64197265625 0.5884765625 0.01326171875 0.01623046875
5 0.5169140625 0.33423828125 0.0215234375 0.0201953125
5 0.28666015625 0.6103125 0.0184765625 0.0255859375
5 0.65041015625 0.5403515625 0.01609375 0.015234375
5 0.59109375 0.5492578125 0.0162890625 0.0153125
5 0.6169921875 0.53796875 0.0192578125 0.01345703125
5 0.5840234375 0.53294921875 0.02005859375 0.01375
5 0.31544921875 0.74115234375 0.0153125 0.01578125
5 0.59919921875 0.80501953125 0.0178515625 0.01337890625
2 0.55412109375 0.776015625 0.021015625 0.01951171875