5 0.54359375 0.80283203125 0.01267578125 0.0124609375
0 0.48439453125 0.67091796875 0.01330078125 0.0118359375
0 0.542265625 0.66931640625 0.01228515625 0.0136328125
5 0.66771484375 0.811015625 0.0172265625 0.02205078125
5 0.570703125 0.7494921875 0.01685546875 0.0152734375
5 0.5925390625 0.7382421875 0.015703125 0.0131640625
5 0.4854296875 0.4251953125 0.027734375 0.0213671875
5 0.57642578125 0.83833984375 0.013515625 0.012734375
5 0.63337890625 0.7849609375 0.01095703125 0.01025390625
1 0.725078125 0.7016796875 0.008359375 0.00767578125
1 0.60484375 0.79849609375 0.0084765625 0.0071484375
1 0.7697265625 0.46576171875 0.00603515625 0.01005859375
5 0.3316796875 0.6246484375 0.0213671875 0.01748046875
5 0.44048828125 0.8644140625 0.02091796875 0.01896484375