0 0.6826171875 0.67978515625 0.03275390625 0.034609375
0 0.5555078125 0.716796875 0.02212890625 0.0173046875
0 0.586953125 0.23078125 0.02365234375 0.02552734375
0 0.81125 0.4639453125 0.01658203125 0.01443359375
5 0.7986328125 0.6814453125 0.02154296875 0.02478515625
1 0.65802734375 0.75560546875 0.015625 0.0166015625
1 0.57337890625 0.82865234375 0.01123046875 0.01158203125
1 0.48115234375 0.63513671875 0.013984375 0.01388671875
5 0.5004296875 0.8475 0.01658203125 0.01123046875
5 0.7128125 0.39548828125 0.023671875 0.0219921875
0 0.72259765625 0.6758984375 0.02939453125 0.03044921875
4 0.6364453125 0.27013671875 0.04314453125 0.03689453125
4 0.74166015625 0.75181640625 0.04005859375 0.07375