5 0.68142578125 0.3269921875 0.0162109375 0.02158203125
5 0.221171875 0.495078125 0.02126953125 0.023203125
5 0.25765625 0.7555859375 0.0222265625 0.02169921875
0 0.7164453125 0.7169140625 0.016171875 0.01779296875
5 0.5985546875 0.358125 0.0265625 0.02904296875
5 0.6605859375 0.541796875 0.02771484375 0.02146484375
5 0.42681640625 0.91111328125 0.02978515625 0.02724609375
5 0.340859375 0.65369140625 0.02544921875 0.0184765625
5 0.55544921875 0.59767578125 0.0151953125 0.01599609375
0 0.470625 0.8807421875 0.0306640625 0.0304296875
5 0.66337890625 0.32541015625 0.01681640625 0.01744140625