5 0.29625 0.61216796875 0.03060546875 0.0252734375
0 0.415625 0.87978515625 0.03609375 0.03294921875
5 0.70537109375 0.6612890625 0.0342578125 0.02490234375
5 0.269765625 0.673515625 0.035546875 0.02896484375
5 0.36208984375 0.8258203125 0.03705078125 0.03775390625
5 0.73919921875 0.568125 0.0257421875 0.0373828125
5 0.744296875 0.68876953125 0.01556640625 0.02037109375
3 0.530703125 0.3858203125 0.02517578125 0.02970703125
3 0.50017578125 0.39521484375 0.0392578125 0.02658203125
3 0.52365234375 0.4255078125 0.02361328125 0.01986328125
5 0.7378515625 0.734609375 0.01955078125 0.0199609375
5 0.624921875 0.594765625 0.0189453125 0.02310546875
5 0.51015625 0.26802734375 0.0219921875 0.01724609375
5 0.3240234375 0.78384765625 0.0178515625 0.018515625