0 0.3261328125 0.59759765625 0.02107421875 0.02267578125
5 0.465859375 0.53576171875 0.02146484375 0.01869140625
5 0.51275390625 0.35947265625 0.01529296875 0.01078125
5 0.41279296875 0.61193359375 0.0201953125 0.01740234375
2 0.69123046875 0.60095703125 0.0200390625 0.023984375
2 0.26763671875 0.66861328125 0.02638671875 0.0200390625
5 0.2584375 0.69955078125 0.01923828125 0.018359375
1 0.19669921875 0.458046875 0.01306640625 0.0126171875
0 0.623203125 0.62203125 0.018515625 0.01712890625
5 0.3889453125 0.32552734375 0.01666015625 0.013203125
5 0.6351953125 0.601875 0.0155859375 0.01580078125
5 0.22384765625 0.3715234375 0.01408203125 0.01365234375
5 0.5440625 0.6262890625 0.015625 0.01326171875