5 0.70212890625 0.58482421875 0.018984375 0.0288671875
0 0.35841796875 0.29818359375 0.0290234375 0.028984375
5 0.43203125 0.26861328125 0.02201171875 0.0223046875
5 0.34470703125 0.66205078125 0.025078125 0.02271484375
5 0.66369140625 0.6569140625 0.03244140625 0.02982421875
0 0.4898046875 0.30734375 0.01599609375 0.01310546875
5 0.58447265625 0.3230859375 0.028671875 0.0190625
5 0.42158203125 0.81298828125 0.01736328125 0.0161328125
0 0.4533984375 0.3568359375 0.019453125 0.0198046875
5 0.61556640625 0.3427734375 0.02125 0.0171875
5 0.32236328125 0.2937890625 0.01615234375 0.016875