5 0.63724609375 0.36703125 0.02775390625 0.02498046875
0 0.35015625 0.66970703125 0.02349609375 0.01837890625
0 0.48306640625 0.84732421875 0.0271875 0.02083984375
0 0.70630859375 0.6705078125 0.028359375 0.022890625
0 0.4605078125 0.4434765625 0.021328125 0.01724609375
0 0.5245703125 0.42880859375 0.03162109375 0.02517578125
0 0.488359375 0.43236328125 0.02990234375 0.0228515625
5 0.28533203125 0.77630859375 0.02439453125 0.0287109375
5 0.3155859375 0.3172265625 0.02044921875 0.0169921875
5 0.6184375 0.28140625 0.0140625 0.0150390625
5 0.4934375 0.68986328125 0.01921875 0.0153125
5 0.26498046875 0.607109375 0.01630859375 0.0148828125
0 0.374609375 0.3044921875 0.01484375 0.01583984375
4 0.4109765625 0.273125 0.03302734375 0.03412109375