5 0.65755859375 0.62107421875 0.02201171875 0.01654296875
5 0.50380859375 0.56869140625 0.024375 0.019609375
5 0.60916015625 0.596796875 0.02986328125 0.0266015625
1 0.3878125 0.5923828125 0.0130859375 0.0134375
1 0.609921875 0.5715625 0.0177734375 0.01927734375
1 0.6846875 0.536015625 0.00849609375 0.00830078125
5 0.708359375 0.70814453125 0.01083984375 0.0125
5 0.6258984375 0.62572265625 0.01279296875 0.01419921875
1 0.749921875 0.42228515625 0.01701171875 0.013515625
1 0.75296875 0.45158203125 0.01453125 0.0152734375
5 0.50291015625 0.51408203125 0.02140625 0.0158203125
5 0.59068359375 0.79 0.0095703125 0.01115234375
5 0.7266796875 0.46197265625 0.01705078125 0.01314453125
5 0.603203125 0.83662109375 0.01240234375 0.011171875
1 0.361328125 0.9478515625 0.03283203125 0.03013671875
4 0.28716796875 0.41236328125 0.01921875 0.01958984375
1 0.738515625 0.43443359375 0.01681640625 0.01611328125
1 0.79251953125 0.4389453125 0.01212890625 0.011796875