1 0.3120703125 0.7689453125 0.026015625 0.0326953125
1 0.731875 0.54046875 0.027109375 0.0245703125
5 0.65787109375 0.88541015625 0.02185546875 0.03126953125
1 0.61693359375 0.1867578125 0.03078125 0.0311328125
5 0.74576171875 0.477109375 0.0262109375 0.0159375
5 0.36806640625 0.7676171875 0.0228515625 0.031328125
5 0.4762109375 0.890625 0.0128125 0.01744140625
5 0.4034375 0.8254296875 0.0197265625 0.018046875
5 0.5470703125 0.8941015625 0.0247265625 0.01875
5 0.2258203125 0.597421875 0.02087890625 0.02083984375
5 0.2233984375 0.41333984375 0.02013671875 0.01615234375
5 0.6390234375 0.83517578125 0.01501953125 0.01505859375
5 0.23560546875 0.53798828125 0.019296875 0.01611328125
5 0.335234375 0.33921875 0.01505859375 0.015390625
5 0.38779296875 0.2934375 0.01732421875 0.015234375
5 0.49623046875 0.2263671875 0.0151953125 0.01443359375