5 0.31830078125 0.70103515625 0.0284375 0.0255859375
0 0.3464453125 0.60185546875 0.02875 0.02341796875
5 0.73498046875 0.70873046875 0.0243359375 0.03203125
5 0.6609375 0.6003125 0.02765625 0.0301171875
5 0.67296875 0.75705078125 0.02892578125 0.02939453125
5 0.29923828125 0.62943359375 0.02548828125 0.0297265625
5 0.5655859375 0.84134765625 0.0349609375 0.0234765625
5 0.738046875 0.63837890625 0.01580078125 0.01798828125
5 0.7816015625 0.61419921875 0.02314453125 0.025703125
5 0.69044921875 0.5793359375 0.02748046875 0.021640625
5 0.55 0.663671875 0.01736328125 0.022890625