1 0.2718359375 0.63443359375 0.01955078125 0.018359375
0 0.41185546875 0.8127734375 0.02638671875 0.02123046875
0 0.5250390625 0.8646484375 0.01962890625 0.01578125
0 0.461171875 0.8866796875 0.03169921875 0.02326171875
5 0.55025390625 0.5036328125 0.0187890625 0.01482421875
5 0.41529296875 0.8751953125 0.02603515625 0.02375
5 0.3491015625 0.87865234375 0.01576171875 0.015
5 0.6696875 0.68029296875 0.01365234375 0.01294921875
1 0.17099609375 0.59412109375 0.01501953125 0.01470703125
1 0.55689453125 0.8781640625 0.013828125 0.0115234375
0 0.6251171875 0.52177734375 0.01869140625 0.01740234375