0 0.5436328125 0.40681640625 0.0266796875 0.03552734375
5 0.50869140625 0.90072265625 0.01919921875 0.02275390625
5 0.4326953125 0.87953125 0.02369140625 0.029921875
5 0.708515625 0.662265625 0.0246484375 0.03115234375
5 0.2741015625 0.6352734375 0.02443359375 0.0333984375
5 0.5220703125 0.88091796875 0.0188671875 0.0192578125
5 0.58908203125 0.836953125 0.02375 0.0195703125
5 0.7406640625 0.5912109375 0.02025390625 0.017734375
5 0.31162109375 0.74353515625 0.0192578125 0.0178515625
5 0.6459765625 0.66236328125 0.015625 0.01640625
5 0.381796875 0.81015625 0.024375 0.016015625
5 0.23501953125 0.5373046875 0.01654296875 0.02080078125
5 0.433984375 0.84080078125 0.02326171875 0.0191015625
5 0.2584375 0.59310546875 0.019765625 0.02060546875