5 0.7040234375 0.5833203125 0.02279296875 0.02439453125
5 0.682421875 0.62982421875 0.02830078125 0.0225390625
5 0.713671875 0.62359375 0.01490234375 0.0159765625
5 0.23982421875 0.5190625 0.0144921875 0.01357421875
5 0.2514453125 0.540390625 0.0175 0.0161328125
5 0.7272265625 0.6019140625 0.02021484375 0.017578125
1 0.28486328125 0.57908203125 0.0137890625 0.01232421875
5 0.28736328125 0.7220703125 0.01794921875 0.028046875
0 0.4637890625 0.8504296875 0.02220703125 0.0188671875
5 0.2465234375 0.601171875 0.01890625 0.04822265625
5 0.25615234375 0.71654296875 0.02294921875 0.03330078125