0 0.4822265625 0.3395703125 0.01625 0.0169140625
5 0.36751953125 0.77974609375 0.0222265625 0.016953125
5 0.451328125 0.91765625 0.0312109375 0.0245703125
5 0.41115234375 0.8646484375 0.01533203125 0.01552734375
5 0.58390625 0.28234375 0.0161328125 0.01802734375
1 0.3261328125 0.7284765625 0.01837890625 0.01541015625
1 0.293203125 0.7105078125 0.01576171875 0.01369140625
5 0.34111328125 0.72091796875 0.00884765625 0.013984375
5 0.45875 0.3202734375 0.01869140625 0.0159375
0 0.4275390625 0.36076171875 0.0194921875 0.01625
5 0.5987109375 0.60962890625 0.01412109375 0.01375
5 0.7165625 0.523828125 0.015 0.01375
5 0.2766015625 0.619453125 0.01716796875 0.019453125
5 0.6365625 0.5766015625 0.01455078125 0.01353515625
5 0.65380859375 0.3196875 0.01291015625 0.01298828125
2 0.41080078125 0.61625 0.02591796875 0.02447265625