0 0.762578125 0.49591796875 0.027421875 0.02484375
0 0.77134765625 0.60609375 0.0351953125 0.02703125
0 0.7594140625 0.6457421875 0.02107421875 0.02005859375
4 0.48298828125 0.29064453125 0.02201171875 0.016484375
0 0.4828515625 0.21974609375 0.0126953125 0.01828125
0 0.65419921875 0.32275390625 0.01220703125 0.0109765625
0 0.7662890625 0.38267578125 0.01662109375 0.0145703125
0 0.68240234375 0.29201171875 0.017421875 0.01375
0 0.7290625 0.7883984375 0.0144140625 0.01447265625
4 0.72599609375 0.35326171875 0.020703125 0.0145703125
0 0.5442578125 0.200234375 0.01599609375 0.0173828125
0 0.4679296875 0.18841796875 0.02142578125 0.018515625
0 0.67630859375 0.84326171875 0.01345703125 0.01587890625
0 0.667265625 0.85736328125 0.0125 0.0136328125