0 0.6472123176661264 0.5203571428571429 0.022771474878444085 0.013629032258064517
4 0.32750405186385734 0.1971889400921659 0.04661264181523501 0.026290322580645162
0 0.2700486223662885 0.6177534562211981 0.026790923824959484 0.013168202764976959
5 0.16774716369529985 0.49600230414746543 0.014748784440842787 0.009965437788018434
5 0.2248136142625608 0.4861405529953917 0.019513776337115072 0.012776497695852535
4 0.7604051863857375 0.5434562211981567 0.02094003241491086 0.014758064516129033
0 0.723419773095624 0.29180875576036863 0.018298217179902754 0.012788018433179723
4 0.6591085899513777 0.5523732718894009 0.022771474878444085 0.013824884792626729
5 0.8092220421393842 0.3073963133640553 0.021085899513776336 0.012027649769585253
5 0.20724473257698542 0.7702649769585254 0.017649918962722853 0.01402073732718894
0 0.7290437601296597 0.7831221198156681 0.017633711507293356 0.01533410138248848
5 0.366936790923825 0.2299884792626728 0.023241491085899513 0.013064516129032257
5 0.49063209076175046 0.16865207373271887 0.027131280388978926 0.014078341013824885