0 0.41263671875 0.58712890625 0.0198046875 0.01974609375
0 0.37669921875 0.621171875 0.02220703125 0.025
5 0.35060546875 0.76443359375 0.0180078125 0.01662109375
0 0.4591015625 0.46609375 0.0222265625 0.02380859375
0 0.57419921875 0.37697265625 0.01494140625 0.0140234375
5 0.41134765625 0.653046875 0.01400390625 0.01248046875
5 0.3655859375 0.67626953125 0.012265625 0.01236328125
1 0.65857421875 0.5525 0.01462890625 0.012265625
5 0.36373046875 0.28611328125 0.01630859375 0.01564453125
5 0.366171875 0.24583984375 0.01736328125 0.01435546875
5 0.33599609375 0.278203125 0.02265625 0.0251171875
5 0.3250390625 0.7357421875 0.01697265625 0.0155078125
5 0.4671484375 0.28107421875 0.019375 0.0141015625
5 0.73884765625 0.54375 0.02029296875 0.01767578125