5 0.68068359375 0.53515625 0.0205859375 0.02013671875
5 0.44251953125 0.52765625 0.02203125 0.01646484375
5 0.4897265625 0.4736328125 0.01623046875 0.01458984375
5 0.34849609375 0.53826171875 0.0176953125 0.01615234375
5 0.41126953125 0.53310546875 0.01240234375 0.00837890625
5 0.50689453125 0.50572265625 0.01857421875 0.01302734375
5 0.46875 0.5421484375 0.02021484375 0.01255859375
5 0.5228125 0.5213671875 0.0183984375 0.0165234375
5 0.64314453125 0.557109375 0.0169140625 0.0146484375
5 0.57146484375 0.3937109375 0.0210546875 0.01298828125
5 0.22962890625 0.405390625 0.01375 0.01466796875
5 0.5703515625 0.37416015625 0.01189453125 0.0103515625
5 0.28669921875 0.59751953125 0.026875 0.0269921875