5 0.68265625 0.23669921875 0.02341796875 0.0248828125
5 0.65134765625 0.1968359375 0.0235546875 0.027109375
5 0.4996484375 0.59486328125 0.0214453125 0.0197265625
5 0.62353515625 0.5417578125 0.0244140625 0.01859375
5 0.6183203125 0.56806640625 0.02287109375 0.01814453125
1 0.26384765625 0.8207421875 0.013203125 0.01263671875
1 0.7101953125 0.830703125 0.015078125 0.0107421875
1 0.4657421875 0.92046875 0.0115625 0.0100390625
5 0.24388671875 0.7241796875 0.019375 0.01771484375
5 0.22044921875 0.58634765625 0.0250390625 0.025625
5 0.37939453125 0.64931640625 0.01857421875 0.01349609375
5 0.27439453125 0.801484375 0.01251953125 0.01453125
5 0.30078125 0.74265625 0.0106640625 0.0107421875
5 0.657109375 0.29806640625 0.01943359375 0.016796875
5 0.71283203125 0.35794921875 0.01716796875 0.02009765625