0 0.28859375 0.632265625 0.02955078125 0.023984375
0 0.3508984375 0.7489453125 0.02298828125 0.0196875
5 0.372734375 0.6933984375 0.0275390625 0.02251953125
5 0.3380859375 0.6903125 0.02505859375 0.02126953125
3 0.55533203125 0.611640625 0.02484375 0.02673828125
0 0.49642578125 0.271640625 0.02380859375 0.02033203125
5 0.34537109375 0.32814453125 0.02498046875 0.014921875
5 0.28720703125 0.414765625 0.02912109375 0.01884765625
3 0.477109375 0.21552734375 0.0275 0.023203125
1 0.585078125 0.14951171875 0.013984375 0.01318359375
1 0.22951171875 0.5600390625 0.0126953125 0.01001953125
5 0.32677734375 0.6545703125 0.0141015625 0.01373046875
5 0.234453125 0.706796875 0.0254296875 0.02087890625
5 0.25474609375 0.38240234375 0.0276953125 0.029921875
5 0.22208984375 0.6175 0.0150390625 0.0150390625
5 0.12150390625 0.60140625 0.02310546875 0.02205078125
5 0.32291015625 0.73810546875 0.02734375 0.03146484375
5 0.5001953125 0.68078125 0.021953125 0.02396484375
5 0.33521484375 0.24013671875 0.02626953125 0.02462890625
5 0.3844921875 0.29841796875 0.030546875 0.028046875
5 0.36158203125 0.2728125 0.0292578125 0.02140625
1 0.221953125 0.5806640625 0.0119921875 0.011640625
5 0.53939453125 0.57126953125 0.0299609375 0.026875
5 0.43955078125 0.6294921875 0.014296875 0.01634765625
5 0.50630859375 0.41337890625 0.01935546875 0.02091796875
5 0.48267578125 0.55234375 0.0176953125 0.01798828125
5 0.5240234375 0.31146484375 0.02501953125 0.02029296875