5 0.1600390625 0.8387890625 0.0305859375 0.02296875
5 0.1328125 0.80640625 0.02935546875 0.0286328125
5 0.34392578125 0.61078125 0.03515625 0.0303125
0 0.23767578125 0.76041015625 0.03712890625 0.03525390625
5 0.20849609375 0.50728515625 0.02416015625 0.02685546875
3 0.28150390625 0.6587890625 0.02775390625 0.02458984375
5 0.4013671875 0.6769140625 0.02638671875 0.02482421875
5 0.1780859375 0.7603515625 0.0275390625 0.03201171875
0 0.24119140625 0.566640625 0.030078125 0.0281640625
3 0.28716796875 0.61611328125 0.05470703125 0.04396484375
3 0.318671875 0.674140625 0.0206640625 0.01423828125
5 0.427265625 0.33828125 0.0136328125 0.0122265625
3 0.23697265625 0.61923828125 0.01970703125 0.01880859375
3 0.365078125 0.706796875 0.01626953125 0.01296875