0 0.36763671875 0.30482421875 0.02697265625 0.02126953125
5 0.5826171875 0.3230859375 0.02451171875 0.02095703125
5 0.708125 0.34771484375 0.02029296875 0.02892578125
5 0.19912109375 0.58603515625 0.01744140625 0.01884765625
5 0.40794921875 0.302734375 0.02419921875 0.02185546875
5 0.24017578125 0.58994140625 0.01255859375 0.01546875
0 0.53173828125 0.6778125 0.020390625 0.01736328125
1 0.363359375 0.8785546875 0.02095703125 0.0167578125
1 0.57150390625 0.8191015625 0.01322265625 0.01603515625
2 0.49869140625 0.5523046875 0.02515625 0.02171875
2 0.54802734375 0.5593359375 0.0187890625 0.01916015625
5 0.19623046875 0.55876953125 0.0176953125 0.01498046875
5 0.2749609375 0.59966796875 0.01408203125 0.0113671875
1 0.587421875 0.806171875 0.01193359375 0.014453125
5 0.38056640625 0.7653515625 0.0184765625 0.0153125
5 0.68369140625 0.3389453125 0.01818359375 0.0180078125
5 0.66390625 0.362578125 0.017265625 0.0203515625
5 0.6169921875 0.29365234375 0.01845703125 0.0172265625
5 0.6562890625 0.33732421875 0.0155859375 0.0199609375
5 0.2283203125 0.57541015625 0.01009765625 0.0111328125