5 0.35102362204724413 0.17816981132075474 0.04341207349081365 0.029264150943396225
5 0.17136482939632547 0.6214150943396227 0.021916010498687664 0.019339622641509433
5 0.17871391076115486 0.6593018867924528 0.028818897637795278 0.01818867924528302
5 0.13564304461942256 0.5930566037735849 0.0263254593175853 0.018547169811320756
5 0.188503937007874 0.6740566037735849 0.015091863517060367 0.010396226415094339
4 0.2929133858267716 0.6071132075471698 0.0484251968503937 0.028037735849056604
0 0.25729658792650917 0.6927358490566037 0.023937007874015745 0.01618867924528302
5 0.3314435695538058 0.8638301886792452 0.019343832020997376 0.014660377358490566
0 0.6740682414698163 0.8419622641509434 0.019763779527559054 0.01622641509433962
0 0.5243832020997375 0.22166037735849056 0.028635170603674542 0.016169811320754717
0 0.6772178477690288 0.19018867924528302 0.02267716535433071 0.01441509433962264
5 0.22787401574803148 0.6593962264150943 0.019763779527559054 0.010528301886792452
5 0.48874015748031496 0.28715094339622643 0.01766404199475066 0.012641509433962264
0 0.6209186351706036 0.18281132075471698 0.0231496062992126 0.013169811320754718
5 0.7134645669291338 0.29747169811320756 0.020078740157480315 0.010622641509433962
5 0.8522047244094488 0.6476981132075471 0.0273753280839895 0.02122641509433962
5 0.8471391076115485 0.6297547169811321 0.020104986876640422 0.015018867924528301
5 0.5924409448818898 0.539811320754717 0.02404199475065617 0.018566037735849056