5 0.7578515625 0.68734375 0.02916015625 0.02359375
0 0.444375 0.40310546875 0.02193359375 0.02404296875
5 0.3621484375 0.37537109375 0.03017578125 0.01935546875
5 0.770234375 0.49693359375 0.0269921875 0.02451171875
5 0.3534765625 0.2555859375 0.02302734375 0.0219140625
5 0.29171875 0.694140625 0.01783203125 0.02029296875
5 0.8035546875 0.6342578125 0.01490234375 0.015234375
5 0.81345703125 0.6044921875 0.01583984375 0.01591796875
5 0.784375 0.531875 0.02125 0.01751953125
5 0.81345703125 0.56625 0.02525390625 0.02412109375
5 0.670703125 0.277109375 0.03 0.0377734375