5 0.7748046875 0.71685546875 0.0245703125 0.01720703125
5 0.7699609375 0.64625 0.01953125 0.01705078125
5 0.710234375 0.55818359375 0.0251953125 0.02404296875
5 0.817265625 0.60056640625 0.02607421875 0.020390625
5 0.7413671875 0.8563671875 0.01560546875 0.01625
5 0.7704296875 0.33681640625 0.02279296875 0.01951171875
5 0.81298828125 0.865859375 0.01984375 0.02046875
5 0.87314453125 0.88005859375 0.01966796875 0.01521484375
5 0.82890625 0.671796875 0.0238671875 0.02390625
5 0.79140625 0.30919921875 0.0230078125 0.01916015625
5 0.82791015625 0.57009765625 0.01953125 0.0164453125
5 0.77828125 0.84189453125 0.02873046875 0.031328125
5 0.61041015625 0.59103515625 0.02251953125 0.01625
5 0.85486328125 0.33849609375 0.02041015625 0.01986328125
5 0.91373046875 0.42751953125 0.02228515625 0.0187109375
5 0.8923046875 0.4148828125 0.0138671875 0.02048828125
5 0.63193359375 0.19650390625 0.020703125 0.01890625
5 0.8855078125 0.69248046875 0.0175 0.01322265625
5 0.8471875 0.8046875 0.01443359375 0.01580078125