0 0.54103515625 0.28380859375 0.03748046875 0.034765625
5 0.35955078125 0.2055859375 0.0334765625 0.03029296875
0 0.44525390625 0.8414453125 0.03330078125 0.02814453125
5 0.3622265625 0.76958984375 0.03375 0.0289453125
5 0.3837890625 0.82845703125 0.03958984375 0.03154296875
5 0.3612890625 0.79568359375 0.031875 0.021875
5 0.64216796875 0.80044921875 0.0365625 0.033046875
5 0.59451171875 0.8651953125 0.02083984375 0.02201171875
0 0.38529296875 0.57880859375 0.0290625 0.0249609375
0 0.540234375 0.1973828125 0.0240234375 0.02404296875
5 0.54583984375 0.32244140625 0.01857421875 0.01306640625
0 0.5931640625 0.23796875 0.01537109375 0.01271484375
5 0.44892578125 0.646171875 0.0198828125 0.0165625
0 0.494921875 0.2959375 0.0155078125 0.01314453125