3 0.5025 0.43556640625 0.02494140625 0.01966796875
0 0.36115234375 0.6298828125 0.02958984375 0.02544921875
5 0.40970703125 0.617734375 0.03205078125 0.0396875
5 0.62390625 0.63623046875 0.01884765625 0.01697265625
5 0.6449609375 0.59775390625 0.022734375 0.01619140625
5 0.68587890625 0.57689453125 0.01869140625 0.0229296875
0 0.51220703125 0.38017578125 0.02970703125 0.02634765625
5 0.2425 0.4674609375 0.017109375 0.016171875
5 0.245234375 0.53634765625 0.0221875 0.02326171875
5 0.27123046875 0.53291015625 0.0280078125 0.029296875
5 0.2342578125 0.48234375 0.0137109375 0.01220703125
5 0.60404296875 0.9339453125 0.02056640625 0.02111328125
5 0.630546875 0.61953125 0.01677734375 0.016015625
5 0.671953125 0.5566015625 0.01626953125 0.01181640625