0 0.7291796875 0.595390625 0.02419921875 0.03390625
3 0.458125 0.8360546875 0.0170703125 0.02220703125
0 0.48828125 0.44853515625 0.03380859375 0.02958984375
5 0.55060546875 0.84333984375 0.02734375 0.0322265625
5 0.57703125 0.8256640625 0.01919921875 0.023203125
5 0.6292578125 0.78232421875 0.0226171875 0.01970703125
5 0.66052734375 0.81724609375 0.03275390625 0.0400390625
0 0.46017578125 0.8758984375 0.02873046875 0.02587890625
0 0.531015625 0.88720703125 0.02462890625 0.01861328125
1 0.75337890625 0.627109375 0.023671875 0.02861328125
1 0.36947265625 0.366875 0.02220703125 0.02521484375
4 0.51833984375 0.3626171875 0.03357421875 0.02904296875
1 0.74462890625 0.246015625 0.0205859375 0.0266015625
1 0.6654296875 0.22296875 0.01873046875 0.01552734375
1 0.41759765625 0.77419921875 0.01751953125 0.0158203125
5 0.49873046875 0.87291015625 0.03162109375 0.02970703125
5 0.55369140625 0.26900390625 0.0271875 0.02298828125
5 0.465859375 0.28984375 0.026953125 0.03001953125
5 0.58615234375 0.2715625 0.0271875 0.02595703125
5 0.57568359375 0.87501953125 0.0319140625 0.02564453125
5 0.69515625 0.7616796875 0.02328125 0.02548828125