0 0.50025390625 0.8641796875 0.02830078125 0.0227734375
5 0.5350390625 0.85412109375 0.03197265625 0.03146484375
0 0.49072265625 0.4234375 0.03619140625 0.029375
0 0.8025 0.46859375 0.037421875 0.0295703125
0 0.45240234375 0.3919921875 0.0232421875 0.02189453125
0 0.6473046875 0.5890625 0.02560546875 0.02814453125
1 0.68271484375 0.66470703125 0.02646484375 0.023828125
0 0.53392578125 0.3284765625 0.031640625 0.02529296875
1 0.51728515625 0.249765625 0.020390625 0.02064453125
1 0.5834375 0.66236328125 0.0261328125 0.02068359375
5 0.72919921875 0.64091796875 0.0196484375 0.018984375
5 0.71611328125 0.67806640625 0.02203125 0.021953125
5 0.7378125 0.61873046875 0.02421875 0.02375
0 0.5659765625 0.1989453125 0.02919921875 0.02732421875
0 0.7454296875 0.76580078125 0.01798828125 0.0175
5 0.53474609375 0.9332421875 0.016875 0.01724609375
5 0.52453125 0.90599609375 0.01810546875 0.01419921875