3 0.3677734375 0.6367578125 0.0203125 0.0190234375
5 0.39478515625 0.35064453125 0.02642578125 0.023125
5 0.40298828125 0.3290234375 0.02890625 0.0200390625
0 0.53984375 0.27421875 0.01833984375 0.01109375
0 0.61828125 0.275859375 0.01599609375 0.0131640625
5 0.59880859375 0.3415234375 0.01720703125 0.01564453125
5 0.4423046875 0.357734375 0.018671875 0.0140234375
0 0.52240234375 0.38490234375 0.0142578125 0.01720703125
5 0.440703125 0.291796875 0.01947265625 0.01474609375
1 0.629609375 0.554921875 0.02294921875 0.0193359375
1 0.66787109375 0.77904296875 0.0232421875 0.018125
1 0.87947265625 0.73255859375 0.0158984375 0.0225
1 0.72865234375 0.9644140625 0.0253125 0.01615234375
1 0.71412109375 0.686328125 0.016875 0.01609375
1 0.6533984375 0.65291015625 0.01283203125 0.012890625
1 0.69056640625 0.58775390625 0.0171484375 0.01546875
5 0.7211328125 0.61517578125 0.01978515625 0.0141796875
1 0.73763671875 0.52345703125 0.01857421875 0.01224609375
1 0.79587890625 0.511328125 0.023828125 0.0179296875
1 0.68966796875 0.7587109375 0.02083984375 0.0165625
5 0.76478515625 0.7073046875 0.01734375 0.01578125
5 0.773046875 0.58990234375 0.01380859375 0.0149609375
5 0.707734375 0.36666015625 0.01587890625 0.01583984375
5 0.6323828125 0.37353515625 0.019375 0.0119921875
5 0.5126953125 0.3235546875 0.01923828125 0.01310546875
5 0.63908203125 0.29482421875 0.01697265625 0.01716796875