3 0.745625 0.5973828125 0.0257421875 0.03037109375
0 0.575 0.860078125 0.0253515625 0.02900390625
5 0.80294921875 0.6742578125 0.03423828125 0.032265625
5 0.73896484375 0.76138671875 0.033984375 0.02728515625
0 0.64939453125 0.76455078125 0.0329296875 0.02283203125
3 0.481953125 0.674609375 0.032890625 0.02470703125
5 0.49740234375 0.3373828125 0.02259765625 0.02466796875
0 0.48875 0.3062890625 0.026171875 0.031796875
1 0.67900390625 0.6894921875 0.02703125 0.02421875
0 0.36875 0.30443359375 0.02453125 0.0286328125
5 0.84814453125 0.84447265625 0.03529296875 0.0311328125
5 0.40556640625 0.25412109375 0.02666015625 0.02150390625
5 0.7493359375 0.45068359375 0.02029296875 0.01716796875