5 0.37841796875 0.616796875 0.0312109375 0.03392578125
0 0.40240234375 0.71853515625 0.0237890625 0.0237890625
5 0.38982421875 0.67529296875 0.034453125 0.0237890625
5 0.343671875 0.73892578125 0.016171875 0.02021484375
5 0.346953125 0.71884765625 0.02423828125 0.02294921875
5 0.6362890625 0.61142578125 0.02041015625 0.019609375
5 0.3069140625 0.618125 0.01966796875 0.02412109375
4 0.28171875 0.69482421875 0.0318359375 0.026484375
4 0.303125 0.721875 0.03046875 0.02802734375
4 0.281953125 0.66265625 0.03263671875 0.0240234375
5 0.355 0.68748046875 0.0299609375 0.027265625
5 0.36080078125 0.6515234375 0.02337890625 0.02958984375