0 0.558515406162465 0.2656653225806452 0.027142857142857142 0.018750000000000003
0 0.5846778711484594 0.24375000000000002 0.028207282913165266 0.018004032258064514
0 0.4635574229691877 0.3682258064516129 0.025602240896358545 0.015100806451612903
0 0.6010644257703082 0.3044556451612903 0.028795518207282912 0.016693548387096774
0 0.3044257703081233 0.25754032258064513 0.035742296918767506 0.017560483870967744
5 0.675798319327731 0.7052016129032258 0.03022408963585434 0.01310483870967742
5 0.24669467787114843 0.5594959677419354 0.02257703081232493 0.012278225806451612
5 0.5827450980392157 0.8405645161290323 0.03252100840336134 0.025544354838709676
4 0.683921568627451 0.6461290322580645 0.027591036414565825 0.013366935483870968
4 0.6400280112044818 0.6511895161290323 0.02865546218487395 0.014879032258064516
0 0.18313725490196078 0.2917540322580645 0.030056022408963587 0.014979838709677418
5 0.756218487394958 0.7133467741935484 0.02955182072829132 0.016491935483870967
0 0.5437254901960785 0.8901814516129032 0.029831932773109245 0.019294354838709678
5 0.5053501400560224 0.8814717741935484 0.0257703081232493 0.02122983870967742
5 0.4550420168067227 0.8601008064516129 0.024705882352941178 0.01939516129032258
5 0.8057422969187674 0.645383064516129 0.02627450980392157 0.022620967741935484
4 0.18565826330532212 0.6620362903225806 0.02529411764705882 0.017903225806451616
0 0.1830532212885154 0.6890322580645161 0.02198879551820728 0.010725806451612904