3 0.5286562499999999 0.5754694835680751 0.032203125 0.027570422535211265
3 0.462890625 0.5790492957746479 0.048078125 0.0330868544600939
3 0.6318125 0.7744248826291079 0.028249999999999997 0.0184037558685446
0 0.40328125000000004 0.5984859154929578 0.04109375 0.02424882629107981
5 0.5490625 0.726150234741784 0.043437500000000004 0.030070422535211267
5 0.607234375 0.5570422535211268 0.03846875 0.022687793427230044
5 0.533828125 0.7588028169014085 0.04459375 0.024049295774647886
5 0.41959375000000004 0.5601291079812207 0.029765625 0.02091549295774648
5 0.664078125 0.18846244131455397 0.036140624999999996 0.02046948356807512
0 0.89159375 0.26699530516431924 0.027125 0.019507042253521126
5 0.8160624999999999 0.3533568075117371 0.01859375 0.015469483568075117
5 0.73209375 0.823849765258216 0.021406249999999998 0.014061032863849765
5 0.487390625 0.46450704225352113 0.01603125 0.010328638497652583
5 0.5610937500000001 0.6389788732394366 0.021515625 0.012852112676056337
5 0.5747656250000001 0.6929694835680751 0.017078125 0.015152582159624414
5 0.5105625 0.6511619718309859 0.023203124999999998 0.016068075117370892
5 0.438671875 0.6145774647887324 0.015515625 0.010410798122065726
5 0.49428124999999995 0.6086971830985916 0.016703125 0.012300469483568076
5 0.744859375 0.6393544600938967 0.0174375 0.014730046948356808