0 0.6877260981912144 0.6047706422018349 0.02875968992248062 0.017889908256880735
5 0.7497416020671834 0.6990642201834862 0.021007751937984497 0.01651376146788991
4 0.34198966408268733 0.6352844036697248 0.027467700258397936 0.015596330275229359
5 0.12245478036175711 0.20625688073394494 0.02454780361757106 0.022018348623853212
5 0.16751937984496124 0.19433027522935778 0.03521963824289406 0.02018348623853211
0 0.25165374677002583 0.560605504587156 0.02503875968992248 0.01691743119266055
5 0.45351421188630486 0.5621467889908257 0.04390180878552971 0.028513761467889906
4 0.897984496124031 0.44238532110091744 0.02405684754521964 0.022256880733944957
4 0.9063824289405684 0.4136880733944954 0.02069767441860465 0.017688073394495414
0 0.19925064599483203 0.6054495412844038 0.02 0.014844036697247705
0 0.6272351421188631 0.5742385321100917 0.02599483204134367 0.018238532110091743