5 0.7203812316715543 0.7807853403141362 0.01863636363636364 0.013089005235602094
2 0.6140469208211143 0.5241570680628272 0.025967741935483873 0.023570680628272254
5 0.8165542521994135 0.4632356020942408 0.018812316715542524 0.01343455497382199
5 0.8252639296187684 0.4281675392670157 0.01810850439882698 0.011937172774869111
3 0.22442815249266862 0.21607329842931935 0.02717008797653959 0.015591623036649216
0 0.29139296187683283 0.11950785340314135 0.014208211143695014 0.00880628272251309
0 0.2897800586510264 0.1361675392670157 0.017434017595307917 0.009958115183246073
4 0.33080645161290323 0.18285863874345548 0.01904692082111437 0.015413612565445026
0 0.28233137829912025 0.17677486910994764 0.0162316715542522 0.010722513089005235
5 0.2934017595307918 0.15487958115183245 0.012096774193548387 0.008471204188481676
5 0.18885630498533726 0.1921780104712042 0.013372434017595306 0.009549738219895286
0 0.28203812316715543 0.84682722513089 0.022932551319648095 0.013811518324607329
5 0.21807917888563047 0.7606806282722514 0.022653958944281523 0.01581151832460733
5 0.2157624633431085 0.6728795811518324 0.02935483870967742 0.020774869109947643
5 0.1412316715542522 0.6945759162303665 0.028064516129032258 0.021518324607329845
5 0.1748533724340176 0.6355602094240838 0.018577712609970674 0.014764397905759162