0 0.42975694444444446 0.07895833333333334 0.017569444444444443 0.011813725490196079
0 0.46416666666666667 0.1589705882352941 0.021197916666666667 0.01457107843137255
0 0.515625 0.0705514705882353 0.021354166666666667 0.012696078431372548
0 0.4207118055555556 0.10545343137254902 0.02453125 0.013676470588235295
0 0.30401041666666667 0.5574387254901961 0.026736111111111113 0.017316176470588238
0 0.2181597222222222 0.6766544117647059 0.02295138888888889 0.015955882352941177
0 0.29364583333333333 0.6011764705882353 0.03355902777777778 0.018308823529411763
0 0.20032986111111112 0.5305024509803922 0.022395833333333334 0.01457107843137255
0 0.24725694444444443 0.7283578431372549 0.026024305555555557 0.015159313725490195
0 0.3137673611111111 0.7470343137254902 0.021163194444444443 0.01318627450980392
0 0.27288194444444447 0.7628676470588235 0.022135416666666668 0.01338235294117647
5 0.8132118055555556 0.5584191176470589 0.025034722222222222 0.015355392156862744
5 0.8903645833333333 0.6477083333333333 0.02392361111111111 0.018995098039215685
5 0.14366319444444445 0.49693627450980393 0.024340277777777777 0.01625
0 0.22234374999999998 0.5681495098039215 0.03131944444444444 0.01713235294117647
0 0.22539930555555557 0.6147303921568628 0.022395833333333334 0.015955882352941177
0 0.15682291666666667 0.47654411764705884 0.02309027777777778 0.012794117647058822
5 0.39892361111111113 0.48957107843137254 0.02354166666666667 0.013284313725490196