5 0.4775277777777778 0.3996666666666666 0.022203703703703705 0.015962962962962964
5 0.49170370370370364 0.41549629629629625 0.01927777777777778 0.01517037037037037
3 0.5210370370370371 0.3300444444444445 0.02514814814814815 0.023903703703703705
0 0.5738518518518518 0.41431111111111113 0.022212962962962962 0.017540740740740742
5 0.5149722222222222 0.4517703703703704 0.02358333333333333 0.019607407407407407
0 0.7368611111111111 0.09413333333333333 0.02436111111111111 0.018703703703703705
3 0.7037962962962964 0.1752962962962963 0.02588888888888889 0.021933333333333332
2 0.5151203703703704 0.5822444444444445 0.02085185185185185 0.015637037037037036
1 0.7498888888888889 0.33585185185185185 0.017453703703703704 0.013429629629629628
5 0.5842222222222223 0.09225185185185186 0.030305555555555554 0.019785185185185187
5 0.5786851851851852 0.06257777777777777 0.020703703703703703 0.017637037037037034
5 0.6269814814814815 0.11344444444444444 0.03341666666666667 0.018696296296296294
0 0.42618518518518517 0.21252592592592595 0.010842592592592593 0.012392592592592592
1 0.4973611111111111 0.547037037037037 0.016481481481481482 0.010007407407407408
5 0.6895 0.2939259259259259 0.019018518518518518 0.013555555555555557
5 0.4421666666666667 0.31436296296296296 0.011648148148148149 0.012214814814814814
5 0.6618981481481482 0.12054074074074074 0.017314814814814814 0.013918518518518518
5 0.554212962962963 0.3310814814814815 0.01774074074074074 0.014651851851851853
5 0.6021944444444445 0.47104444444444443 0.01723148148148148 0.01322962962962963
5 0.559037037037037 0.48183703703703706 0.013231481481481481 0.01071851851851852
5 0.7263240740740741 0.1570740740740741 0.01937037037037037 0.015355555555555556
5 0.5323055555555556 0.45422222222222225 0.009314814814814816 0.008844444444444445