5 0.576015625 0.91205078125 0.028984375 0.02806640625
3 0.4738671875 0.41837890625 0.0248828125 0.0285546875
0 0.53232421875 0.32119140625 0.0275 0.026484375
5 0.52341796875 0.39748046875 0.028125 0.024375
0 0.34126953125 0.62234375 0.02474609375 0.0173046875
5 0.362890625 0.748125 0.0191015625 0.02259765625
5 0.5608203125 0.34259765625 0.0201953125 0.0255078125
0 0.44482421875 0.28240234375 0.0183984375 0.022109375
0 0.4677734375 0.3077734375 0.01931640625 0.02025390625
0 0.4218359375 0.35751953125 0.01875 0.01212890625
0 0.3425390625 0.57533203125 0.015859375 0.01138671875
5 0.54576171875 0.61060546875 0.01310546875 0.01162109375
5 0.4736328125 0.89369140625 0.02498046875 0.01958984375
5 0.72240234375 0.66517578125 0.01814453125 0.02142578125
5 0.37912109375 0.61431640625 0.0213671875 0.02265625
5 0.40611328125 0.60302734375 0.02212890625 0.0176171875
5 0.38263671875 0.6850390625 0.01654296875 0.01517578125
5 0.3111328125 0.73525390625 0.019375 0.01921875
5 0.4219921875 0.980703125 0.01447265625 0.015078125
5 0.47603515625 0.37185546875 0.01810546875 0.0129296875
5 0.49337890625 0.34830078125 0.0271875 0.02060546875
5 0.58185546875 0.83908203125 0.01888671875 0.0165234375
5 0.46376953125 0.86755859375 0.02509765625 0.01869140625