3 0.44232421875 0.34224609375 0.017109375 0.022265625
0 0.4832421875 0.28251953125 0.02322265625 0.019921875
0 0.49466796875 0.260625 0.02677734375 0.01919921875
5 0.34458984375 0.57671875 0.027890625 0.03224609375
5 0.40259765625 0.58041015625 0.01447265625 0.01345703125
4 0.5288671875 0.43767578125 0.01958984375 0.01685546875
0 0.56080078125 0.39939453125 0.01537109375 0.01669921875
0 0.52634765625 0.29705078125 0.01451171875 0.0135546875
0 0.49369140625 0.324765625 0.01232421875 0.0150390625
5 0.51158203125 0.27650390625 0.01591796875 0.0162890625
5 0.474453125 0.3741796875 0.01591796875 0.01271484375
5 0.48091796875 0.3547265625 0.01646484375 0.01201171875
1 0.67859375 0.69044921875 0.01595703125 0.01453125
5 0.37234375 0.58630859375 0.0196484375 0.01865234375