0 0.5143359375 0.84947265625 0.0259765625 0.02056640625
0 0.34478515625 0.815 0.026875 0.02447265625
0 0.36189453125 0.77279296875 0.01966796875 0.0200390625
0 0.49806640625 0.417890625 0.0219921875 0.0330859375
0 0.5748046875 0.29431640625 0.02408203125 0.02162109375
0 0.32205078125 0.7821484375 0.0199609375 0.01875
5 0.6894921875 0.7065234375 0.02 0.01818359375
5 0.699765625 0.6271875 0.01712890625 0.0162109375
5 0.33443359375 0.28025390625 0.02248046875 0.022890625
5 0.588046875 0.239921875 0.02138671875 0.0190625
5 0.590703125 0.26009765625 0.02060546875 0.01642578125