5 0.4241574803149606 0.2433097762073027 0.01120472440944882 0.02540636042402827
5 0.4433385826771653 0.22493521790341578 0.008889763779527559 0.01742049469964664
3 0.47366929133858265 0.25555948174322735 0.012748031496062993 0.017856301531213193
0 0.43731496062992126 0.3154888103651355 0.011149606299212599 0.014358068315665488
5 0.42499212598425196 0.2974911660777385 0.010141732283464568 0.021118963486454652
0 0.5203858267716536 0.30076560659599527 0.012204724409448819 0.021755005889281507
5 0.5101417322834646 0.23799764428739695 0.013338582677165355 0.020518256772673736
0 0.47244094488188976 0.3319199057714959 0.00941732283464567 0.013710247349823321
0 0.5321811023622047 0.30055359246171964 0.00958267716535433 0.01408716136631331
5 0.5201732283464567 0.27452296819787986 0.015259842519685039 0.019587750294464076
5 0.48313385826771654 0.2983627797408716 0.014826771653543305 0.029434628975265015
0 0.5063700787401575 0.27790341578327443 0.012937007874015747 0.02469964664310954
5 0.4780708661417323 0.22637220259128385 0.009905511811023622 0.014181389870435806
5 0.4468503937007874 0.2552767962308598 0.01041732283464567 0.019729093050647822
5 0.5050866141732284 0.31500588928150763 0.008173228346456694 0.02078916372202591
5 0.44911023622047247 0.29697290930506476 0.008338582677165354 0.017608951707891635
5 0.533763779527559 0.2822968197879859 0.011763779527559054 0.021224970553592463
3 0.49051181102362207 0.3312603062426384 0.014685039370078739 0.022909305064782094
5 0.4608897637795276 0.2583510011778563 0.009598425196850393 0.016749116607773853
5 0.43962204724409454 0.6075736160188457 0.01374015748031496 0.0196113074204947
5 0.45798425196850395 0.283321554770318 0.01125984251968504 0.016419316843345112
5 0.5300708661417324 0.22888103651354533 0.014440944881889763 0.025959952885747938
5 0.40831496062992123 0.24954063604240284 0.010921259842519685 0.01996466431095406
5 0.4799370078740157 0.18861012956419315 0.019543307086614174 0.02342756183745583
5 0.5274488188976378 0.25161366313309774 0.009204724409448818 0.0143698468786808