0 0.31490234375 0.7117578125 0.0241796875 0.0266796875
3 0.48013671875 0.3065234375 0.03001953125 0.021796875
3 0.2553125 0.43896484375 0.025859375 0.016796875
0 0.4664453125 0.3526953125 0.02337890625 0.02146484375
5 0.6248828125 0.29296875 0.01640625 0.01736328125
5 0.563828125 0.31890625 0.03166015625 0.028046875
5 0.43482421875 0.87826171875 0.02626953125 0.023203125
5 0.5603125 0.82583984375 0.021875 0.02275390625
5 0.67609375 0.58068359375 0.0254296875 0.018671875
5 0.6312109375 0.5555859375 0.02205078125 0.02005859375
0 0.54427734375 0.5455859375 0.0173046875 0.0171484375
5 0.20857421875 0.396875 0.012265625 0.01412109375
0 0.24798828125 0.3590625 0.0166015625 0.01693359375
0 0.43134765625 0.35056640625 0.02095703125 0.0153125