0 0.35279296875 0.27044921875 0.02501953125 0.02458984375
5 0.38482421875 0.60048828125 0.03998046875 0.03615234375
1 0.4820703125 0.65544921875 0.01931640625 0.02154296875
5 0.46181640625 0.502421875 0.01958984375 0.01609375
0 0.26421875 0.59490234375 0.02904296875 0.02666015625
0 0.2787890625 0.47048828125 0.0243359375 0.02333984375
0 0.2666015625 0.889453125 0.03552734375 0.029921875
1 0.4726953125 0.91798828125 0.01947265625 0.01814453125
5 0.2406640625 0.540546875 0.0235546875 0.029609375
5 0.27744140625 0.52787109375 0.01869140625 0.01630859375
5 0.649453125 0.65697265625 0.02453125 0.02302734375