3 0.60220703125 0.6286328125 0.0265234375 0.01912109375
0 0.4525390625 0.8730078125 0.0266015625 0.02349609375
5 0.400234375 0.8059765625 0.0226171875 0.01595703125
5 0.502421875 0.43681640625 0.02064453125 0.0234765625
5 0.58091796875 0.8416015625 0.02439453125 0.01744140625
5 0.68609375 0.6733203125 0.01875 0.01841796875
5 0.5138671875 0.3494140625 0.0312890625 0.01689453125
5 0.48884765625 0.406953125 0.02068359375 0.01849609375
5 0.40201171875 0.928203125 0.01640625 0.0125390625
5 0.72046875 0.549140625 0.01291015625 0.010703125
0 0.4057421875 0.61275390625 0.0213671875 0.01580078125
5 0.68505859375 0.621171875 0.01828125 0.01693359375