0 0.80826171875 0.61330078125 0.02427734375 0.0213671875
0 0.71888671875 0.73 0.0349609375 0.02931640625
0 0.716640625 0.62974609375 0.030546875 0.032578125
0 0.67326171875 0.88080078125 0.0428515625 0.0362890625
0 0.67005859375 0.8216796875 0.05677734375 0.0416796875
0 0.72556640625 0.88271484375 0.03234375 0.0418359375
5 0.67677734375 0.760078125 0.02328125 0.0212890625
0 0.37212890625 0.90466796875 0.02474609375 0.0248046875
5 0.72484375 0.77005859375 0.01740234375 0.01640625
0 0.79833984375 0.589296875 0.01796875 0.01763671875
5 0.68359375 0.65298828125 0.0227734375 0.021796875