5 0.48595703125 0.33302734375 0.01984375 0.01314453125
5 0.71158203125 0.65662109375 0.02986328125 0.02376953125
1 0.5278125 0.5326953125 0.01931640625 0.02013671875
1 0.5816796875 0.29841796875 0.018359375 0.0140625
1 0.56125 0.91439453125 0.01501953125 0.01734375
5 0.75599609375 0.87375 0.0173828125 0.01826171875
5 0.6884375 0.72986328125 0.02056640625 0.024921875
5 0.62916015625 0.58890625 0.0232421875 0.019375
5 0.77197265625 0.58646484375 0.022421875 0.02798828125
5 0.721640625 0.99150390625 0.02345703125 0.016171875
5 0.40787109375 0.86263671875 0.0207421875 0.02359375
5 0.40775390625 0.888828125 0.01865234375 0.02220703125