5 0.431328125 0.2794140625 0.02052734375 0.01947265625
5 0.7553515625 0.72625 0.018359375 0.02248046875
5 0.7533203125 0.6873828125 0.01783203125 0.01953125
0 0.33583984375 0.75767578125 0.02271484375 0.02921875
5 0.5947265625 0.36083984375 0.01896484375 0.0204296875
5 0.75771484375 0.65830078125 0.02048828125 0.0246484375
5 0.6529296875 0.64546875 0.01875 0.01330078125
5 0.73544921875 0.64681640625 0.0188671875 0.0188671875
5 0.70337890625 0.64712890625 0.0188671875 0.01697265625
5 0.768046875 0.5944921875 0.01833984375 0.02140625
5 0.37978515625 0.866015625 0.01841796875 0.02232421875
0 0.60193359375 0.2968359375 0.02111328125 0.0191015625
5 0.74576171875 0.54470703125 0.01412109375 0.01703125