0 0.57615234375 0.34005859375 0.031953125 0.03107421875
0 0.45736328125 0.392421875 0.03859375 0.028671875
0 0.4432421875 0.36146484375 0.0382421875 0.03107421875
0 0.373671875 0.8493359375 0.017421875 0.01646484375
0 0.50931640625 0.334296875 0.02978515625 0.02697265625
0 0.5722265625 0.30169921875 0.03427734375 0.02248046875
0 0.37263671875 0.79947265625 0.0127734375 0.0146484375
0 0.54919921875 0.35986328125 0.0219140625 0.0275390625
5 0.438359375 0.70265625 0.0251171875 0.02083984375
5 0.75154296875 0.66080078125 0.024375 0.02083984375
5 0.57408203125 0.66830078125 0.01783203125 0.01640625
5 0.4355078125 0.54267578125 0.01619140625 0.01849609375
5 0.5878515625 0.7859375 0.014765625 0.0149609375
5 0.738125 0.86271484375 0.01732421875 0.0160546875
5 0.718203125 0.8523828125 0.01015625 0.01322265625
5 0.50482421875 0.4205078125 0.0241796875 0.02279296875
5 0.3213671875 0.37318359375 0.0240625 0.02009765625
5 0.35974609375 0.36744140625 0.02388671875 0.01880859375