0 0.6356640625 0.6074609375 0.0261328125 0.02916015625
3 0.39138671875 0.80150390625 0.0325 0.02837890625
3 0.3576953125 0.817265625 0.03740234375 0.03259765625
3 0.5574609375 0.80263671875 0.0271875 0.02259765625
5 0.32232421875 0.6956640625 0.02775390625 0.0223828125
3 0.30666015625 0.773125 0.02693359375 0.02626953125
0 0.5006640625 0.8385546875 0.022890625 0.0221484375
0 0.4591015625 0.8337890625 0.0234375 0.01962890625
5 0.38828125 0.61876953125 0.02091796875 0.02177734375
5 0.632890625 0.53306640625 0.0153125 0.01353515625
5 0.5358984375 0.47154296875 0.02033203125 0.01685546875
5 0.4644140625 0.51583984375 0.01119140625 0.0110546875
5 0.3151953125 0.8003515625 0.02619140625 0.0248828125