5 0.4841015625 0.3763671875 0.01943359375 0.01708984375
0 0.3548828125 0.5865625 0.02666015625 0.0226171875
5 0.43736328125 0.30962890625 0.02216796875 0.02380859375
0 0.47970703125 0.29595703125 0.031171875 0.0220703125
5 0.27177734375 0.8665625 0.01537109375 0.01484375
4 0.52310546875 0.396640625 0.03177734375 0.03046875
5 0.71962890625 0.593828125 0.01880859375 0.02263671875
5 0.45376953125 0.82333984375 0.02111328125 0.01685546875
5 0.490859375 0.8969921875 0.02111328125 0.0158203125
5 0.2410546875 0.9836328125 0.03455078125 0.032109375
5 0.6409375 0.23384765625 0.0191015625 0.023984375
5 0.6728125 0.594296875 0.02130859375 0.02103515625
5 0.24205078125 0.42140625 0.03310546875 0.03716796875