0 0.50548828125 0.3001171875 0.0203125 0.01998046875
1 0.3698828125 0.64041015625 0.0212109375 0.0193359375
1 0.30451171875 0.63083984375 0.0186328125 0.01638671875
1 0.261640625 0.6199609375 0.0228515625 0.01849609375
1 0.58396484375 0.66056640625 0.02185546875 0.01966796875
1 0.30814453125 0.37466796875 0.01869140625 0.01458984375
1 0.25576171875 0.7209375 0.01982421875 0.0140234375
5 0.62115234375 0.7444140625 0.01845703125 0.0170703125
5 0.5714453125 0.7734765625 0.014609375 0.010625
5 0.670625 0.255625 0.0230078125 0.01705078125
5 0.21349609375 0.62783203125 0.0191796875 0.0221484375
5 0.299375 0.4223046875 0.0202734375 0.01701171875
5 0.63140625 0.28611328125 0.0120703125 0.0128515625