5 0.359296875 0.77998046875 0.02685546875 0.0229296875
5 0.3824609375 0.801171875 0.02396484375 0.0175390625
5 0.33625 0.8123046875 0.01986328125 0.02099609375
5 0.45005859375 0.8195703125 0.03033203125 0.0225
5 0.39958984375 0.8292578125 0.02349609375 0.02884765625
5 0.59927734375 0.83271484375 0.0407421875 0.02998046875
3 0.66193359375 0.6346875 0.041015625 0.03291015625
5 0.3076171875 0.59990234375 0.0288671875 0.016640625
5 0.2758203125 0.61212890625 0.015234375 0.0138671875
0 0.3423828125 0.58212890625 0.0140234375 0.015625
5 0.24900390625 0.5696875 0.0190234375 0.02064453125
0 0.65990234375 0.67876953125 0.0288671875 0.0275
0 0.4862890625 0.388671875 0.01740234375 0.01755859375
0 0.36171875 0.62103515625 0.01720703125 0.01767578125
5 0.664609375 0.2106640625 0.01884765625 0.0200390625
5 0.74048828125 0.5566015625 0.0228515625 0.02908203125
5 0.55166015625 0.80021484375 0.02857421875 0.02388671875
5 0.2865234375 0.65625 0.015078125 0.01505859375
5 0.25037109375 0.401015625 0.0244140625 0.026484375
5 0.42244140625 0.800078125 0.02103515625 0.0220703125
1 0.69412109375 0.6290234375 0.02580078125 0.02625
0 0.545390625 0.37314453125 0.03041015625 0.0287109375
0 0.5462109375 0.28263671875 0.013046875 0.01216796875
5 0.715390625 0.59287109375 0.02021484375 0.0198828125
5 0.2477734375 0.597265625 0.0130859375 0.01658203125
5 0.71384765625 0.72123046875 0.01732421875 0.01908203125
5 0.32396484375 0.288828125 0.01556640625 0.014375
5 0.28505859375 0.57390625 0.02916015625 0.02650390625
5 0.38166015625 0.768203125 0.02044921875 0.01970703125
5 0.38064453125 0.23931640625 0.0141015625 0.01556640625
5 0.55603515625 0.851484375 0.02681640625 0.02291015625
5 0.604921875 0.78701171875 0.013203125 0.01267578125
5 0.70693359375 0.56841796875 0.02021484375 0.01849609375
5 0.30703125 0.71220703125 0.023203125 0.01849609375
5 0.34005859375 0.636328125 0.01830078125 0.017265625
5 0.58580078125 0.79451171875 0.01779296875 0.0191015625
5 0.7098828125 0.6690234375 0.01173828125 0.01509765625
5 0.72384765625 0.6746484375 0.01162109375 0.01474609375
5 0.40271484375 0.75353515625 0.01447265625 0.01291015625
5 0.36216796875 0.7993359375 0.0127734375 0.011484375