3 0.65791015625 0.263125 0.02703125 0.0262109375
3 0.576171875 0.28892578125 0.02330078125 0.01623046875
5 0.53685546875 0.23255859375 0.0237109375 0.019140625
5 0.36837890625 0.5971875 0.017890625 0.0237109375
5 0.5191796875 0.49587890625 0.02412109375 0.021640625
5 0.42744140625 0.3169921875 0.02455078125 0.02580078125
5 0.446796875 0.26853515625 0.01830078125 0.02455078125
0 0.37615234375 0.31693359375 0.02568359375 0.02373046875
5 0.325078125 0.29154296875 0.02361328125 0.0207421875
5 0.71958984375 0.37626953125 0.02412109375 0.02208984375
5 0.557109375 0.29142578125 0.01515625 0.018125
5 0.77470703125 0.96123046875 0.02060546875 0.01427734375