5 0.592265625 0.3706640625 0.01900390625 0.0233984375
5 0.641640625 0.36033203125 0.0265625 0.024140625
5 0.39505859375 0.26091796875 0.03029296875 0.0229296875
5 0.49931640625 0.5633203125 0.0251171875 0.021875
0 0.35236328125 0.8172265625 0.02296875 0.02404296875
1 0.64740234375 0.5953125 0.01681640625 0.01287109375
5 0.44716796875 0.38908203125 0.0204296875 0.02052734375
5 0.46271484375 0.3555078125 0.02943359375 0.01751953125
5 0.71833984375 0.62224609375 0.01119140625 0.00912109375
5 0.35935546875 0.33302734375 0.03033203125 0.02599609375
5 0.5421875 0.31822265625 0.0167578125 0.01529296875
5 0.5602734375 0.3199609375 0.0153515625 0.0173828125