5 0.7096875 0.566484375 0.03130859375 0.029609375
5 0.38544921875 0.62201171875 0.01822265625 0.019921875
5 0.39169921875 0.54001953125 0.0307421875 0.02220703125
0 0.60720703125 0.89037109375 0.03814453125 0.02904296875
5 0.7780078125 0.62201171875 0.03017578125 0.02904296875
5 0.74953125 0.7452734375 0.0324609375 0.02619140625
5 0.5572265625 0.6123828125 0.0212890625 0.01759765625
5 0.67763671875 0.5687890625 0.02025390625 0.01671875
0 0.5259375 0.3551171875 0.01810546875 0.01072265625
5 0.310546875 0.60904296875 0.0210546875 0.0196484375
0 0.56396484375 0.27060546875 0.02349609375 0.019375
0 0.47421875 0.41666015625 0.0237890625 0.0190234375