3 0.52568359375 0.47904296875 0.01994140625 0.0200390625
3 0.46234375 0.299921875 0.02849609375 0.020625
5 0.41775390625 0.30541015625 0.0322265625 0.02939453125
5 0.61595703125 0.2057421875 0.01412109375 0.01287109375
5 0.1146875 0.52203125 0.01748046875 0.0187109375
5 0.2183203125 0.25318359375 0.02142578125 0.02232421875
5 0.5161328125 0.218359375 0.01533203125 0.01140625
5 0.65119140625 0.5784375 0.01537109375 0.01576171875
5 0.55474609375 0.19626953125 0.0207421875 0.01916015625
5 0.48677734375 0.116171875 0.0209375 0.01826171875
5 0.20669921875 0.2348828125 0.0166796875 0.01759765625
5 0.38349609375 0.61412109375 0.023359375 0.02021484375
1 0.34244140625 0.97369140625 0.01765625 0.01525390625