3 0.69087890625 0.3567578125 0.02197265625 0.02037109375
1 0.67599609375 0.704609375 0.01501953125 0.01587890625
0 0.60291015625 0.6467578125 0.01375 0.0127734375
0 0.43107421875 0.7034765625 0.01630859375 0.01845703125
0 0.44234375 0.89150390625 0.0258203125 0.021328125
5 0.67015625 0.63716796875 0.01814453125 0.013828125
0 0.576171875 0.31234375 0.01662109375 0.01599609375
4 0.516796875 0.35947265625 0.039140625 0.03119140625
5 0.62423828125 0.843203125 0.01646484375 0.0144140625
5 0.63767578125 0.829453125 0.01802734375 0.0113671875
5 0.60423828125 0.5626171875 0.0132421875 0.01013671875
5 0.660390625 0.6784375 0.0194140625 0.021328125
4 0.3745703125 0.18970703125 0.02703125 0.0203515625
4 0.3278515625 0.74306640625 0.0177734375 0.0260546875
5 0.3346484375 0.7148828125 0.02240234375 0.02353515625