5 0.27892578125 0.5528515625 0.02916015625 0.03373046875
5 0.3276953125 0.62896484375 0.03736328125 0.0328125
5 0.40244140625 0.35958984375 0.030078125 0.024609375
5 0.31357421875 0.600234375 0.05287109375 0.02642578125
5 0.6567578125 0.6075390625 0.02826171875 0.02826171875
5 0.51365234375 0.61591796875 0.0157421875 0.0235546875
5 0.55890625 0.30685546875 0.01845703125 0.01646484375
5 0.53384765625 0.8834765625 0.0158203125 0.013828125
5 0.54400390625 0.863984375 0.01529296875 0.011953125
0 0.42240234375 0.84072265625 0.01697265625 0.0097265625
5 0.3615234375 0.423828125 0.016484375 0.0158203125