0 0.6729296875 0.51244140625 0.01583984375 0.01673828125
2 0.7969921875 0.6501953125 0.019375 0.028828125
0 0.3686328125 0.65587890625 0.02630859375 0.02630859375
2 0.437109375 0.90123046875 0.02822265625 0.01978515625
5 0.67123046875 0.55802734375 0.0128515625 0.00970703125
1 0.76171875 0.33607421875 0.01259765625 0.014296875
5 0.5754296875 0.4376171875 0.0134375 0.01142578125
5 0.67958984375 0.40490234375 0.01673828125 0.01279296875
5 0.37177734375 0.31923828125 0.01626953125 0.0128125
5 0.79306640625 0.49154296875 0.0175390625 0.01626953125
5 0.76130859375 0.39583984375 0.02736328125 0.02291015625
5 0.66552734375 0.803515625 0.0238671875 0.02244140625
5 0.5197265625 0.3588671875 0.02205078125 0.01494140625
5 0.5431640625 0.381953125 0.0231640625 0.02046875