0 0.55853515625 0.35962890625 0.02623046875 0.0284765625
0 0.52240234375 0.34140625 0.0310546875 0.02498046875
0 0.696015625 0.345390625 0.01798828125 0.01798828125
0 0.78404296875 0.542421875 0.02921875 0.0209765625
0 0.55779296875 0.853359375 0.020234375 0.023984375
0 0.3837890625 0.36140625 0.02224609375 0.0162890625
0 0.505625 0.3177734375 0.02484375 0.0143359375
0 0.6734765625 0.295 0.02083984375 0.01291015625
0 0.4181640625 0.28306640625 0.018984375 0.01330078125
0 0.60017578125 0.34455078125 0.0151171875 0.013984375
0 0.52328125 0.28423828125 0.01943359375 0.0156640625
0 0.53453125 0.36994140625 0.016875 0.01642578125
0 0.3581640625 0.579765625 0.01796875 0.01478515625