0 0.22677734375 0.54451171875 0.01810546875 0.01671875
5 0.182734375 0.594296875 0.0238671875 0.02275390625
0 0.26591796875 0.3326953125 0.0153125 0.01443359375
5 0.270625 0.73703125 0.01734375 0.01927734375
5 0.6578515625 0.59828125 0.01298828125 0.01212890625
5 0.2462109375 0.598828125 0.0159765625 0.0151171875
5 0.3349609375 0.753515625 0.01427734375 0.010703125
5 0.51115234375 0.343046875 0.01630859375 0.01650390625
0 0.60716796875 0.56240234375 0.01796875 0.0143359375
5 0.3428125 0.1091796875 0.02888671875 0.02357421875
5 0.19828125 0.64046875 0.0202734375 0.0225
4 0.3613671875 0.24134765625 0.01822265625 0.0184765625
1 0.3194140625 0.95439453125 0.01787109375 0.01736328125
5 0.3670703125 0.6519140625 0.0192578125 0.0148828125