3 0.4166796875 0.2934765625 0.0313671875 0.0266796875
3 0.42208984375 0.3204296875 0.03482421875 0.02564453125
3 0.6339453125 0.56138671875 0.026328125 0.02404296875
5 0.42564453125 0.90791015625 0.019609375 0.0193359375
0 0.76818359375 0.9087109375 0.02560546875 0.02490234375
5 0.58052734375 0.25978515625 0.0279296875 0.0213671875
5 0.4583984375 0.53458984375 0.02623046875 0.023046875
5 0.42806640625 0.57224609375 0.03025390625 0.02544921875
5 0.682421875 0.92404296875 0.01630859375 0.013203125
5 0.51412109375 0.57994140625 0.031953125 0.02017578125
5 0.49498046875 0.29474609375 0.02609375 0.01830078125
5 0.6081640625 0.31701171875 0.01947265625 0.01591796875
5 0.62728515625 0.33615234375 0.0196484375 0.0216015625
0 0.73013671875 0.9268359375 0.01724609375 0.01791015625
5 0.595234375 0.3640625 0.021484375 0.02068359375
5 0.58498046875 0.701171875 0.02001953125 0.02232421875
5 0.41787109375 0.707578125 0.01548828125 0.02048828125