3 0.55994140625 0.43447265625 0.02203125 0.0265234375
1 0.2451171875 0.6043359375 0.02892578125 0.02837890625
1 0.26943359375 0.774375 0.02607421875 0.0285546875
1 0.23533203125 0.77974609375 0.02791015625 0.026953125
0 0.51033203125 0.836953125 0.02193359375 0.019296875
1 0.27205078125 0.504296875 0.0251171875 0.02388671875
5 0.3809765625 0.892578125 0.01744140625 0.01869140625
1 0.2705078125 0.6134375 0.02236328125 0.02115234375
1 0.30705078125 0.85833984375 0.01748046875 0.01431640625
5 0.3478125 0.87279296875 0.02056640625 0.01955078125
5 0.36595703125 0.889921875 0.0128515625 0.01490234375
5 0.3790234375 0.5889453125 0.016015625 0.01609375
5 0.357421875 0.33048828125 0.02888671875 0.0273828125
5 0.171640625 0.8221875 0.028984375 0.02359375
5 0.42828125 0.82248046875 0.0178125 0.02232421875
5 0.4336328125 0.78888671875 0.0162890625 0.017578125
5 0.43677734375 0.85869140625 0.01765625 0.01880859375
5 0.40845703125 0.78826171875 0.0161328125 0.01880859375