3 0.58765625 0.885078125 0.03091796875 0.03060546875
3 0.6025 0.69814453125 0.03150390625 0.02255859375
3 0.29140625 0.6805859375 0.0280859375 0.0201171875
0 0.64978515625 0.76873046875 0.01826171875 0.01705078125
5 0.42748046875 0.67203125 0.03181640625 0.02005859375
1 0.6952734375 0.7362890625 0.0175 0.01390625
5 0.7156640625 0.5993359375 0.02056640625 0.01939453125
5 0.597109375 0.82720703125 0.023359375 0.01697265625
5 0.66658203125 0.5758984375 0.01935546875 0.0208203125
3 0.55634765625 0.6557421875 0.026484375 0.0219921875
0 0.43833984375 0.596796875 0.01533203125 0.0179296875
5 0.31548828125 0.77953125 0.01890625 0.02166015625
3 0.6170703125 0.6789453125 0.02806640625 0.01955078125