5 0.27515625 0.5644921875 0.017421875 0.0172265625
0 0.1687109375 0.8005078125 0.0232421875 0.02083984375
0 0.40751953125 0.19037109375 0.0363671875 0.0259765625
1 0.3953515625 0.6204296875 0.01494140625 0.01296875
4 0.454921875 0.208671875 0.04658203125 0.033984375
0 0.6412890625 0.6058984375 0.02298828125 0.02248046875
4 0.50826171875 0.39833984375 0.0278515625 0.02166015625
1 0.6435546875 0.76689453125 0.01798828125 0.019453125
5 0.25744140625 0.49697265625 0.02013671875 0.0175
5 0.34185546875 0.34544921875 0.01638671875 0.0196875
5 0.36021484375 0.6483984375 0.025625 0.01951171875