0 0.405078125 0.2949609375 0.020703125 0.0147265625
1 0.70611328125 0.75447265625 0.02234375 0.021953125
1 0.68205078125 0.77841796875 0.02365234375 0.0167578125
5 0.8206640625 0.5820703125 0.01521484375 0.012578125
0 0.54931640625 0.3354296875 0.0195703125 0.01431640625
0 0.50064453125 0.37240234375 0.018828125 0.0158203125
5 0.30330078125 0.6022265625 0.0202734375 0.02064453125
4 0.620703125 0.64009765625 0.0169921875 0.0178125
5 0.63466796875 0.68095703125 0.01783203125 0.01556640625
5 0.854765625 0.59298828125 0.01486328125 0.01912109375
5 0.8314453125 0.59646484375 0.00984375 0.0125