3 0.6840234375 0.70724609375 0.02916015625 0.02630859375
3 0.76115234375 0.71240234375 0.03310546875 0.03404296875
0 0.72908203125 0.53822265625 0.019296875 0.02177734375
5 0.8137890625 0.57849609375 0.01728515625 0.01947265625
0 0.703671875 0.59779296875 0.01703125 0.01662109375
3 0.81322265625 0.82615234375 0.0259375 0.02431640625
1 0.74861328125 0.4078125 0.024921875 0.0208984375
5 0.65078125 0.5605859375 0.0167578125 0.01818359375
5 0.6808203125 0.83845703125 0.02791015625 0.024375
5 0.52720703125 0.79021484375 0.01736328125 0.0218359375
4 0.631171875 0.6413671875 0.01306640625 0.0160546875
0 0.54298828125 0.60681640625 0.0216015625 0.01857421875