3 0.6359765625 0.3226171875 0.01650390625 0.0177734375
5 0.572890625 0.29630859375 0.0232421875 0.017578125
5 0.4140625 0.7234765625 0.01955078125 0.01716796875
5 0.29021484375 0.60294921875 0.016875 0.015703125
5 0.48802734375 0.34119140625 0.02671875 0.02759765625
5 0.2548828125 0.53806640625 0.01869140625 0.01623046875
5 0.68865234375 0.5761328125 0.02056640625 0.02728515625
5 0.56888671875 0.33509765625 0.0203515625 0.02158203125
0 0.659921875 0.3240234375 0.02255859375 0.02267578125
5 0.4541015625 0.82607421875 0.02205078125 0.02525390625
5 0.46845703125 0.80431640625 0.01861328125 0.0192578125
5 0.3626171875 0.73705078125 0.01947265625 0.01666015625
5 0.31728515625 0.71439453125 0.01890625 0.01923828125
5 0.3887890625 0.74966796875 0.01703125 0.0156640625
5 0.67296875 0.741328125 0.02310546875 0.0237890625
5 0.523046875 0.389453125 0.0194140625 0.02162109375
5 0.62912109375 0.69296875 0.0219921875 0.02470703125