3 0.5084765625 0.427265625 0.0323828125 0.0327734375
5 0.49111328125 0.34185546875 0.030546875 0.0262890625
3 0.53953125 0.3212890625 0.038125 0.0430859375
3 0.47341796875 0.4225390625 0.03115234375 0.02486328125
0 0.56884765625 0.88265625 0.02474609375 0.02458984375
0 0.63060546875 0.8472265625 0.0230078125 0.0241796875
3 0.38595703125 0.90251953125 0.026875 0.0283203125
5 0.45228515625 0.26427734375 0.0264453125 0.02142578125
5 0.45923828125 0.32166015625 0.02470703125 0.0266015625
0 0.77291015625 0.8897265625 0.02896484375 0.02775390625
5 0.4921875 0.267265625 0.026484375 0.02234375
5 0.5907421875 0.3094140625 0.03236328125 0.03578125
5 0.5957421875 0.2575 0.0250390625 0.02302734375
5 0.37494140625 0.60955078125 0.030234375 0.02654296875
0 0.76654296875 0.859921875 0.0304296875 0.03275390625
0 0.7681640625 0.612265625 0.02716796875 0.03197265625
5 0.4459765625 0.207734375 0.0508203125 0.0384765625
5 0.65431640625 0.9051953125 0.03802734375 0.034375
5 0.64630859375 0.8155859375 0.02421875 0.0265234375
5 0.49341796875 0.86384765625 0.04810546875 0.03845703125
5 0.53677734375 0.85421875 0.03724609375 0.027890625
5 0.37439453125 0.82669921875 0.03130859375 0.03140625
5 0.39595703125 0.86302734375 0.0288671875 0.03466796875
5 0.65078125 0.316328125 0.028828125 0.030078125
5 0.30662109375 0.35361328125 0.02591796875 0.0287109375