3 0.39455078125 0.33212890625 0.03236328125 0.03447265625
5 0.31896484375 0.36173828125 0.02171875 0.02599609375
5 0.56765625 0.35111328125 0.0312890625 0.03076171875
5 0.4750390625 0.50390625 0.02298828125 0.0209375
5 0.5916796875 0.2516796875 0.03068359375 0.03130859375
0 0.49298828125 0.219140625 0.028046875 0.02408203125
5 0.4139453125 0.26890625 0.02228515625 0.02333984375
5 0.45443359375 0.31650390625 0.02806640625 0.02212890625
5 0.64806640625 0.3336328125 0.02392578125 0.02166015625
5 0.45033203125 0.1781640625 0.021796875 0.0192578125
5 0.30525390625 0.3091796875 0.02279296875 0.02482421875
5 0.550625 0.3911328125 0.02056640625 0.01845703125