3 0.52611328125 0.3343359375 0.04671875 0.04787109375
5 0.345625 0.8570703125 0.0266796875 0.02314453125
1 0.25646484375 0.19861328125 0.024375 0.02642578125
1 0.377890625 0.5487109375 0.02662109375 0.02482421875
1 0.2653125 0.67005859375 0.031328125 0.029765625
1 0.29482421875 0.87505859375 0.02841796875 0.02337890625
5 0.72736328125 0.562734375 0.0282421875 0.0305859375
5 0.2011328125 0.70939453125 0.01919921875 0.0189453125
5 0.17775390625 0.78076171875 0.02109375 0.0180859375
5 0.71830078125 0.63421875 0.01732421875 0.021171875
0 0.51412109375 0.68642578125 0.01453125 0.0190234375
5 0.26435546875 0.826953125 0.01505859375 0.01666015625
5 0.67083984375 0.7325 0.01515625 0.01736328125