5 0.662890625 0.642890625 0.04408203125 0.024609375
5 0.50498046875 0.597265625 0.04203125 0.02767578125
5 0.51267578125 0.63162109375 0.0451171875 0.03896484375
5 0.72337890625 0.606484375 0.03998046875 0.025625
5 0.73671875 0.66544921875 0.04203125 0.0287109375
5 0.6833984375 0.7546484375 0.03177734375 0.03076171875
5 0.486015625 0.67263671875 0.03486328125 0.01845703125
5 0.57470703125 0.71876953125 0.033828125 0.0205078125
5 0.6505859375 0.7859375 0.04203125 0.02357421875
5 0.3588671875 0.5265234375 0.03486328125 0.03177734375
5 0.61931640625 0.55880859375 0.041015625 0.0328125
5 0.5147265625 0.5639453125 0.0369140625 0.0287109375
5 0.486015625 0.53009765625 0.041015625 0.03076171875