0 0.6411328125 0.6486328125 0.0221484375 0.01994140625
0 0.58146484375 0.70228515625 0.024921875 0.02390625
0 0.65615234375 0.70197265625 0.026328125 0.02798828125
0 0.46599609375 0.3569921875 0.0209765625 0.0205859375
0 0.535703125 0.80755859375 0.02421875 0.01685546875
0 0.37857421875 0.85423828125 0.01833984375 0.02255859375
1 0.467578125 0.57025390625 0.02681640625 0.02201171875
1 0.251640625 0.61681640625 0.02138671875 0.02037109375
1 0.55474609375 0.62810546875 0.0219140625 0.01619140625
0 0.619453125 0.291484375 0.021171875 0.027109375
0 0.5742578125 0.65998046875 0.02349609375 0.02244140625
5 0.47681640625 0.7925390625 0.02142578125 0.0261328125
0 0.6519140625 0.76056640625 0.0194921875 0.021875
5 0.4243359375 0.95052734375 0.0298046875 0.025546875
4 0.3212890625 0.79775390625 0.02451171875 0.02134765625
4 0.289765625 0.80033203125 0.0198828125 0.01794921875