5 0.47078125 0.342109375 0.04240234375 0.02169921875
5 0.57724609375 0.37662109375 0.036484375 0.03154296875
5 0.70591796875 0.62951171875 0.0374609375 0.03056640625
5 0.701484375 0.7039453125 0.044375 0.033515625
5 0.7675390625 0.6482421875 0.0325390625 0.02859375
5 0.82767578125 0.68224609375 0.046328125 0.033515625
5 0.81337890625 0.634921875 0.0571875 0.049296875
5 0.5910546875 0.7946484375 0.036484375 0.033515625
5 0.650703125 0.79859375 0.0571875 0.04337890625
5 0.6068359375 0.6211328125 0.036484375 0.0374609375
5 0.60091796875 0.68373046875 0.046328125 0.0325390625
5 0.43970703125 0.24400390625 0.033515625 0.03845703125
5 0.389921875 0.21 0.046328125 0.04140625
5 0.80697265625 0.556484375 0.0204296875 0.01662109375