0 0.34888671875 0.745 0.0290625 0.02716796875
5 0.455703125 0.6696875 0.024296875 0.02552734375
3 0.416640625 0.8272265625 0.0304296875 0.02701171875
0 0.69154296875 0.62859375 0.018515625 0.0212109375
0 0.348203125 0.30494140625 0.0274609375 0.02220703125
5 0.32587890625 0.83966796875 0.02705078125 0.02826171875
5 0.516953125 0.68439453125 0.031484375 0.024140625
5 0.52015625 0.30701171875 0.0283203125 0.0261328125
2 0.32021484375 0.19435546875 0.02931640625 0.0325
5 0.2573828125 0.60095703125 0.02130859375 0.023828125
5 0.32814453125 0.6534765625 0.02125 0.02560546875
5 0.6615234375 0.63056640625 0.02623046875 0.02484375