0 0.53830078125 0.55162109375 0.04140625 0.03845703125
5 0.7724609375 0.62408203125 0.046328125 0.04140625
5 0.74189453125 0.587109375 0.03845703125 0.03845703125
5 0.82767578125 0.63640625 0.0404296875 0.044375
5 0.80302734375 0.60041015625 0.0325390625 0.033515625
5 0.68126953125 0.62703125 0.0453515625 0.03548828125
5 0.5259765625 0.9395703125 0.044375 0.0295703125
5 0.4678125 0.91591796875 0.03845703125 0.025625
5 0.50578125 0.91591796875 0.03154296875 0.025625
5 0.84146484375 0.56048828125 0.02662109375 0.036484375
5 0.867109375 0.56935546875 0.03845703125 0.03845703125
5 0.34703125 0.5575390625 0.03943359375 0.036484375
0 0.34359375 0.7478125 0.03451171875 0.02662109375
0 0.40470703125 0.91146484375 0.03056640625 0.0246484375