3 0.4990625 0.4851171875 0.03283203125 0.02732421875
3 0.43654296875 0.567109375 0.03330078125 0.03208984375
3 0.4875390625 0.56849609375 0.02431640625 0.021171875
3 0.59125 0.5713671875 0.02392578125 0.0255859375
5 0.3796484375 0.7309375 0.03408203125 0.0248046875
3 0.5005078125 0.8477734375 0.02994140625 0.0253515625
5 0.35890625 0.67630859375 0.0216796875 0.0201171875
1 0.57419921875 0.86001953125 0.01732421875 0.0190625
5 0.36505859375 0.6223046875 0.021015625 0.02361328125
5 0.38869140625 0.61705078125 0.01890625 0.0251171875
5 0.3392578125 0.6163671875 0.0199609375 0.0189453125
5 0.67380859375 0.7047265625 0.02064453125 0.02587890625
5 0.6455859375 0.6844140625 0.0183984375 0.02134765625
5 0.26744140625 0.6503125 0.0160546875 0.01578125