1 0.31400390625 0.66658203125 0.03583984375 0.030390625
1 0.27544921875 0.676328125 0.030390625 0.03896484375
1 0.30310546875 0.70009765625 0.032734375 0.02572265625
1 0.25908203125 0.646328125 0.028828125 0.028828125
1 0.2481640625 0.557109375 0.028828125 0.032734375
1 0.2197265625 0.56373046875 0.02494140625 0.03349609375
1 0.19595703125 0.5890625 0.031953125 0.03583984375
5 0.59216796875 0.321015625 0.03896484375 0.028046875
5 0.3942578125 0.3669921875 0.03427734375 0.02025390625
5 0.4675 0.35140625 0.0451953125 0.0405078125
5 0.48076171875 0.40595703125 0.0451953125 0.02337890625