5 0.2958984375 0.57751953125 0.03333984375 0.03400390625
0 0.550703125 0.25349609375 0.0375 0.02546875
2 0.59458984375 0.56013671875 0.036484375 0.0269921875
4 0.805859375 0.5180859375 0.02123046875 0.033984375
4 0.78564453125 0.58009765625 0.03271484375 0.04158203125
1 0.428984375 0.3856640625 0.0230859375 0.020390625
5 0.4850390625 0.42291015625 0.02583984375 0.0231640625
4 0.4296875 0.30107421875 0.01970703125 0.01919921875
4 0.69333984375 0.32326171875 0.0271875 0.03822265625
1 0.32162109375 0.765625 0.0159765625 0.021171875
1 0.51865234375 0.491484375 0.01421875 0.01439453125
5 0.77330078125 0.645078125 0.020859375 0.02095703125