5 0.31240234375 0.591328125 0.02060546875 0.02484375
5 0.26921875 0.97265625 0.0222265625 0.018984375
5 0.473515625 0.23630859375 0.02794921875 0.02017578125
1 0.284765625 0.41064453125 0.0183984375 0.02474609375
5 0.4628125 0.5375390625 0.02037109375 0.02359375
5 0.49345703125 0.3537109375 0.01923828125 0.02138671875
5 0.43841796875 0.31115234375 0.0268359375 0.0218359375
5 0.27296875 0.89888671875 0.02576171875 0.02068359375
5 0.23931640625 0.801171875 0.0262109375 0.02669921875
5 0.22908203125 0.85509765625 0.0199609375 0.0258203125
5 0.5591796875 0.70623046875 0.0169921875 0.02046875
5 0.41033203125 0.24126953125 0.02060546875 0.02115234375
5 0.2337109375 0.4328515625 0.0136328125 0.01443359375
5 0.5666796875 0.9453125 0.0159765625 0.01923828125
5 0.6266015625 0.37232421875 0.0165625 0.0150390625