1 0.77501953125 0.7096484375 0.0216796875 0.02552734375
1 0.7584765625 0.7694921875 0.02748046875 0.02896484375
5 0.71400390625 0.52474609375 0.03498046875 0.02947265625
5 0.54529296875 0.8938671875 0.02669921875 0.02603515625
1 0.46630859375 0.88779296875 0.0222265625 0.02462890625
5 0.7690625 0.5677734375 0.02703125 0.02490234375
5 0.5693359375 0.69529296875 0.0248046875 0.02943359375
5 0.5469921875 0.6548046875 0.02625 0.0259375
5 0.5081640625 0.682109375 0.01947265625 0.014609375
5 0.3710546875 0.60310546875 0.023828125 0.01810546875
5 0.38732421875 0.5254296875 0.0201171875 0.02099609375
5 0.71138671875 0.56375 0.01880859375 0.018515625
5 0.52865234375 0.5994921875 0.0176171875 0.019140625