3 0.48828125 0.4637109375 0.0224609375 0.02283203125
3 0.50806640625 0.82466796875 0.0315625 0.02859375
3 0.64134765625 0.62912109375 0.02958984375 0.02416015625
5 0.683203125 0.7177734375 0.0199609375 0.022421875
5 0.61390625 0.8670703125 0.02283203125 0.02853515625
5 0.588203125 0.873125 0.01857421875 0.02056640625
5 0.52068359375 0.915390625 0.02158203125 0.02056640625
5 0.8123828125 0.63185546875 0.0174609375 0.02412109375
5 0.4896875 0.52900390625 0.02017578125 0.020234375
5 0.49576171875 0.5873828125 0.0238671875 0.01970703125
5 0.74943359375 0.47283203125 0.021875 0.021640625
5 0.4845703125 0.4315234375 0.01982421875 0.025
5 0.617421875 0.6840625 0.0187890625 0.01603515625