0 0.41814453125 0.26984375 0.03080078125 0.0259375
0 0.43353515625 0.30306640625 0.04212890625 0.0259375
0 0.50525390625 0.28970703125 0.03646484375 0.0251171875
0 0.49349609375 0.32859375 0.05185546875 0.0316015625
0 0.4230078125 0.35615234375 0.0405078125 0.028359375
0 0.5514453125 0.84640625 0.02998046875 0.0251171875
0 0.487421875 0.41935546875 0.03322265625 0.02673828125
0 0.371953125 0.3557421875 0.04212890625 0.0226953125
0 0.3338671875 0.35654296875 0.0291796875 0.0259375
0 0.3905859375 0.2994140625 0.03728515625 0.028359375
5 0.31845703125 0.6973046875 0.02431640625 0.02673828125
5 0.32859375 0.77751953125 0.03646484375 0.0251171875
0 0.39869140625 0.59681640625 0.0291796875 0.0251171875