0 0.61673828125 0.33478515625 0.03998046875 0.033828125
0 0.7874609375 0.66443359375 0.0451171875 0.03896484375
0 0.8084765625 0.70595703125 0.0379296875 0.05638671875
0 0.82181640625 0.76953125 0.04408203125 0.03998046875
0 0.62443359375 0.83412109375 0.0328125 0.02357421875
0 0.72337890625 0.5777734375 0.03587890625 0.0297265625
0 0.77158203125 0.60443359375 0.0297265625 0.03177734375
0 0.77875 0.41423828125 0.0379296875 0.03486328125
0 0.7864453125 0.48703125 0.03486328125 0.0328125
0 0.8038671875 0.53677734375 0.041015625 0.03998046875
0 0.80232421875 0.600859375 0.02767578125 0.03076171875
0 0.672109375 0.59265625 0.05228515625 0.0287109375
0 0.72953125 0.3378515625 0.02767578125 0.03177734375
0 0.6808203125 0.70337890625 0.0369140625 0.03896484375
0 0.71876953125 0.81052734375 0.03486328125 0.02357421875
0 0.65775390625 0.8371875 0.0379296875 0.03587890625
5 0.7208203125 0.78439453125 0.0451171875 0.02666015625
5 0.46447265625 0.510625 0.041015625 0.0533203125
5 0.3634765625 0.65263671875 0.02767578125 0.02767578125
5 0.37783203125 0.601875 0.0379296875 0.03896484375