0 0.6038671875 0.29837890625 0.03154296875 0.02630859375
3 0.57943359375 0.32412109375 0.02890625 0.02287109375
3 0.5369921875 0.31978515625 0.02634765625 0.03041015625
3 0.37150390625 0.30935546875 0.029921875 0.02583984375
3 0.40255859375 0.68884765625 0.02513671875 0.021875
3 0.54619140625 0.85994140625 0.02361328125 0.0259375
3 0.43146484375 0.8647265625 0.03384765625 0.0478515625
0 0.32775390625 0.586875 0.01818359375 0.018671875
3 0.4201171875 0.2230078125 0.02328125 0.03232421875
1 0.64970703125 0.7390234375 0.01962890625 0.02681640625
5 0.661953125 0.28728515625 0.03005859375 0.02806640625
5 0.54916015625 0.88533203125 0.020390625 0.0149609375
5 0.506875 0.89732421875 0.02466796875 0.0164453125
5 0.52615234375 0.218515625 0.02359375 0.01966796875