3 0.5783203125 0.278203125 0.0323046875 0.02357421875
0 0.66291015625 0.36650390625 0.0364453125 0.02984375
0 0.473515625 0.38912109375 0.024140625 0.02748046875
0 0.52802734375 0.34158203125 0.01865234375 0.02271484375
0 0.5674609375 0.38177734375 0.02599609375 0.02291015625
0 0.74791015625 0.26548828125 0.028984375 0.034765625
0 0.8208203125 0.633203125 0.0337890625 0.03583984375
5 0.53716796875 0.1694921875 0.02501953125 0.02865234375
5 0.6969921875 0.2499609375 0.02025390625 0.01841796875
5 0.67728515625 0.187265625 0.02203125 0.02296875
5 0.3629296875 0.53404296875 0.02091796875 0.02078125
5 0.425703125 0.93294921875 0.02296875 0.02330078125
5 0.8108984375 0.400390625 0.02580078125 0.02484375
5 0.528046875 0.38876953125 0.01244140625 0.01064453125
5 0.45556640625 0.36609375 0.0184765625 0.01650390625