3 0.51578125 0.41515625 0.0230078125 0.0209375
0 0.72978515625 0.592578125 0.02533203125 0.021171875
0 0.28181640625 0.63712890625 0.01833984375 0.020703125
5 0.5088671875 0.85408203125 0.0331640625 0.02267578125
1 0.36228515625 0.6884375 0.0166015625 0.016875
5 0.37078125 0.66712890625 0.017421875 0.0142578125
1 0.62048828125 0.6239453125 0.02248046875 0.0167578125
0 0.49642578125 0.9053515625 0.0225 0.01796875
5 0.70513671875 0.55951171875 0.02255859375 0.0170703125
5 0.354921875 0.841953125 0.0241796875 0.01908203125
5 0.5678515625 0.91005859375 0.0203125 0.01630859375
0 0.5408984375 0.37208984375 0.01650390625 0.015703125
0 0.54796875 0.40658203125 0.0158984375 0.01791015625