5 0.41326171875 0.29201171875 0.02841796875 0.0334765625
0 0.384375 0.308359375 0.02015625 0.02060546875
0 0.65892578125 0.5898046875 0.03244140625 0.0209375
3 0.5494140625 0.84337890625 0.03130859375 0.03091796875
3 0.51958984375 0.86814453125 0.027109375 0.04080078125
5 0.7335546875 0.72359375 0.03509765625 0.035
0 0.69580078125 0.71453125 0.02693359375 0.02673828125
0 0.601796875 0.6250390625 0.02119140625 0.03197265625
0 0.4438671875 0.67955078125 0.0420703125 0.02412109375
0 0.7661328125 0.63255859375 0.02498046875 0.0212890625
0 0.7048828125 0.6343359375 0.0351953125 0.02876953125
0 0.43060546875 0.90787109375 0.03337890625 0.0271875
0 0.36275390625 0.8146484375 0.030390625 0.02888671875
0 0.498671875 0.90056640625 0.024921875 0.02642578125
5 0.5798046875 0.5133203125 0.02458984375 0.02029296875
5 0.67876953125 0.81236328125 0.01796875 0.0250390625
4 0.68849609375 0.57376953125 0.01712890625 0.0179296875
4 0.47447265625 0.29765625 0.0320703125 0.02658203125
4 0.6041796875 0.28970703125 0.01646484375 0.0187890625
5 0.46888671875 0.25634765625 0.01953125 0.02115234375
5 0.5708984375 0.21349609375 0.02712890625 0.0221875
5 0.40234375 0.2466015625 0.02056640625 0.01861328125
4 0.53162109375 0.274296875 0.01765625 0.01912109375
5 0.51833984375 0.62296875 0.01546875 0.01607421875
4 0.32072265625 0.7972265625 0.04158203125 0.0502734375