0 0.43208984375 0.28314453125 0.0265625 0.02748046875
5 0.38798828125 0.2846875 0.034375 0.0273828125
5 0.24201171875 0.61501953125 0.018984375 0.019609375
5 0.2507421875 0.63458984375 0.01763671875 0.01845703125
5 0.33314453125 0.68578125 0.02361328125 0.0225
0 0.64134765625 0.58369140625 0.02833984375 0.01923828125
0 0.58634765625 0.29953125 0.02638671875 0.02412109375
0 0.56580078125 0.364921875 0.013359375 0.010859375
1 0.668984375 0.61638671875 0.03533203125 0.0253515625
5 0.698203125 0.61830078125 0.0213671875 0.02154296875
5 0.4078515625 0.33109375 0.0230859375 0.01611328125
5 0.3379296875 0.304921875 0.01380859375 0.0170703125
5 0.27017578125 0.3223046875 0.021875 0.01818359375
4 0.30607421875 0.74041015625 0.02400390625 0.018125
5 0.30498046875 0.6565234375 0.02451171875 0.01982421875
5 0.2776953125 0.66634765625 0.02146484375 0.02048828125
5 0.70736328125 0.66025390625 0.01951171875 0.02591796875
5 0.718046875 0.63025390625 0.016796875 0.01474609375
5 0.24396484375 0.57693359375 0.02052734375 0.02265625
5 0.2718359375 0.554453125 0.016796875 0.01435546875