3 0.2110546875 0.42005859375 0.02419921875 0.0193359375
0 0.225078125 0.45650390625 0.023671875 0.01412109375
0 0.25921875 0.59919921875 0.02525390625 0.0290625
3 0.30328125 0.60337890625 0.02390625 0.0355078125
3 0.214453125 0.53330078125 0.01953125 0.01916015625
0 0.62791015625 0.6903515625 0.03509765625 0.04568359375
0 0.265234375 0.681796875 0.0258984375 0.02474609375
3 0.33646484375 0.845703125 0.02740234375 0.0249609375
3 0.35466796875 0.88802734375 0.0333203125 0.0333984375
0 0.57146484375 0.879765625 0.023125 0.02451171875
5 0.27634765625 0.76869140625 0.02908203125 0.0309375
0 0.54505859375 0.69033203125 0.02935546875 0.02658203125