0 0.48712890625 0.293203125 0.0295703125 0.02603515625
3 0.44330078125 0.388828125 0.0231640625 0.0208984375
5 0.38392578125 0.30447265625 0.0195703125 0.0316796875
5 0.398984375 0.3322265625 0.03275390625 0.01943359375
3 0.68306640625 0.59974609375 0.023515625 0.02619140625
0 0.67505859375 0.654765625 0.024453125 0.0176953125
3 0.3383984375 0.57912109375 0.0504296875 0.039140625
3 0.34130859375 0.6293359375 0.0596484375 0.03458984375
3 0.64814453125 0.63640625 0.018046875 0.030078125
5 0.542265625 0.33197265625 0.0246875 0.02568359375
3 0.4133203125 0.62978515625 0.01912109375 0.0337890625
3 0.43208984375 0.84556640625 0.02109375 0.02341796875
5 0.48490234375 0.20283203125 0.02943359375 0.02443359375
5 0.369921875 0.25552734375 0.0403515625 0.0308203125
5 0.4161328125 0.6682421875 0.02515625 0.02013671875