3 0.4375390625 0.86185546875 0.04009765625 0.035546875
3 0.4553125 0.82494140625 0.051953125 0.02916015625
3 0.53095703125 0.85365234375 0.02279296875 0.02826171875
3 0.56515625 0.85775390625 0.03462890625 0.02916015625
3 0.315390625 0.575625 0.03828125 0.03189453125
3 0.44072265625 0.35458984375 0.051953125 0.0328125
3 0.573359375 0.30263671875 0.0455859375 0.03646484375
3 0.64900390625 0.53916015625 0.0510546875 0.02279296875
3 0.444375 0.6567578125 0.03919921875 0.02826171875
3 0.4703515625 0.6895703125 0.06380859375 0.02826171875
3 0.5223046875 0.6813671875 0.04193359375 0.03189453125
3 0.68546875 0.73560546875 0.0328125 0.02552734375
3 0.5086328125 0.41064453125 0.03099609375 0.03373046875
3 0.400625 0.6813671875 0.03736328125 0.02826171875
5 0.62029296875 0.808984375 0.041015625 0.03189453125
5 0.6262109375 0.7770703125 0.0328125 0.024609375
5 0.701875 0.6070703125 0.02734375 0.02552734375
5 0.31310546875 0.34181640625 0.035546875 0.03099609375
5 0.36369140625 0.30490234375 0.03828125 0.030078125