3 0.22625 0.38822977725674096 0.05503125 0.027538100820633057
3 0.358453125 0.652356389214537 0.0314375 0.02487690504103165
0 0.305265625 0.7193317702227433 0.040265625 0.0188862837045721
0 0.44539062500000004 0.723704572098476 0.0435 0.0194021101992966
3 0.3461875 0.6030715123094958 0.03159375 0.02302461899179367
5 0.40745312499999997 0.5786166471277843 0.027953125000000002 0.01731535756154748
0 0.319359375 0.6701055099648301 0.0273125 0.019202813599062132
0 0.45804687499999996 0.5592379835873388 0.030406250000000003 0.02384525205158265
0 0.542046875 0.7267643610785463 0.028359375 0.017280187573270808
0 0.462015625 0.6508089097303634 0.018187500000000002 0.013903868698710433
5 0.40946875 0.6173739742086752 0.031718750000000004 0.01626025791324736
0 0.315671875 0.6452168815943728 0.025281249999999998 0.01137162954279015
5 0.28107812499999996 0.39430246189917934 0.029593750000000002 0.01902696365767878