3 0.4692470588235294 0.45565625 0.06209411764705883 0.02559375
3 0.5937411764705882 0.534359375 0.03981176470588236 0.02521875
3 0.5601647058823529 0.43129687499999997 0.042188235294117644 0.023046875
3 0.3462352941176471 0.295515625 0.051458823529411765 0.028375
3 0.2863764705882353 0.31643750000000004 0.04162352941176471 0.019609375000000002
3 0.39494117647058824 0.6960468750000001 0.041270588235294114 0.0225625
0 0.5372470588235294 0.63590625 0.023247058823529412 0.013921875
0 0.5343294117647059 0.6520312500000001 0.02411764705882353 0.016390625
1 0.5711764705882353 0.61253125 0.014917647058823529 0.010187499999999999
5 0.49969411764705884 0.6221875 0.028423529411764705 0.0124375
5 0.5792470588235294 0.45615625 0.03058823529411765 0.017359375
5 0.5577882352941177 0.6029687499999999 0.014611764705882354 0.008765625