0 0.7619578518014956 0.5820339721254355 0.028198504418762746 0.023562717770034845
0 0.19922501699524134 0.6024564459930314 0.042909585316111484 0.018850174216027873
0 0.34696125084976204 0.5568989547038328 0.041685927940176754 0.018850174216027873
5 0.2292590074779062 0.34403745644599304 0.03433038749150238 0.017282229965156794
0 0.19370496261046907 0.5635757839721255 0.046587355540448676 0.02120644599303136
0 0.6810401087695445 0.6173824041811846 0.04045547246770904 0.017282229965156794
0 0.6307749830047586 0.5871428571428571 0.028198504418762746 0.016493902439024388
0 0.6332290958531611 0.6008885017421604 0.03800815771583956 0.014137630662020907
0 0.7343711760707002 0.5973519163763066 0.03677770224337186 0.016493902439024388
0 0.1894153636981645 0.5812499999999999 0.042909585316111484 0.018850174216027873
5 0.2899524133242692 0.5973519163763066 0.035554044867437115 0.016493902439024388
4 0.44851801495581234 0.3915331010452962 0.04354860639021074 0.022560975609756097