3 0.41791015625 0.2925 0.02837890625 0.0232421875
3 0.4470703125 0.29244140625 0.03146484375 0.02123046875
3 0.49109375 0.375703125 0.0280859375 0.0239453125
0 0.4642578125 0.38109375 0.0182421875 0.0194921875
0 0.62078125 0.35576171875 0.02271484375 0.02787109375
0 0.578828125 0.3773828125 0.0283203125 0.0311328125
3 0.5591796875 0.32994140625 0.02525390625 0.01814453125
0 0.5415625 0.47587890625 0.0223828125 0.02240234375
0 0.371875 0.80126953125 0.03154296875 0.02939453125
0 0.66072265625 0.63931640625 0.0169140625 0.02546875
0 0.46833984375 0.31583984375 0.02068359375 0.01662109375
0 0.51998046875 0.4978515625 0.02111328125 0.02064453125
0 0.52744140625 0.52037109375 0.01888671875 0.01998046875
5 0.38806640625 0.8391015625 0.01822265625 0.019375