5 0.29908203125 0.61951171875 0.04265625 0.06541015625
0 0.4194921875 0.55599609375 0.021796875 0.02560546875
5 0.7583984375 0.4630859375 0.04740234375 0.035078125
5 0.70341796875 0.57779296875 0.0322265625 0.0275
5 0.741796875 0.5754296875 0.04833984375 0.03791015625
5 0.81291015625 0.58017578125 0.0312890625 0.03033203125
5 0.76171875 0.53513671875 0.04833984375 0.0180078125
5 0.7171484375 0.54271484375 0.04076171875 0.035078125
5 0.2995703125 0.5687890625 0.03412109375 0.0284375
5 0.66123046875 0.59912109375 0.04455078125 0.0246484375
5 0.73279296875 0.6071875 0.04361328125 0.02369140625
5 0.27728515625 0.54935546875 0.03697265625 0.04076171875