0 0.49208984375 0.36638671875 0.0283203125 0.02412109375
0 0.5160546875 0.4274609375 0.02314453125 0.019921875
0 0.4866015625 0.3904296875 0.02099609375 0.0187109375
0 0.33619140625 0.601953125 0.020546875 0.0227734375
0 0.65056640625 0.59748046875 0.0248046875 0.01748046875
0 0.6051953125 0.3710546875 0.02193359375 0.018828125
0 0.65759765625 0.33109375 0.016875 0.01947265625
0 0.6292578125 0.2765625 0.020625 0.01666015625
0 0.5493359375 0.35763671875 0.02375 0.0212890625
0 0.4947265625 0.42369140625 0.01896484375 0.02337890625
0 0.51767578125 0.4544140625 0.03005859375 0.01888671875