3 0.4819140625 0.77767578125 0.03103515625 0.02990234375
3 0.43150390625 0.73650390625 0.01791015625 0.01845703125
5 0.66201171875 0.74046875 0.036328125 0.03201171875
3 0.3455859375 0.7576953125 0.02865234375 0.0192578125
3 0.31763671875 0.7003515625 0.02484375 0.02181640625
3 0.40498046875 0.63576171875 0.0220703125 0.02447265625
5 0.67314453125 0.63146484375 0.01951171875 0.0240234375
5 0.64609375 0.61892578125 0.01751953125 0.02015625
5 0.45576171875 0.68439453125 0.030859375 0.017578125
0 0.3075 0.65626953125 0.030625 0.023203125
5 0.75623046875 0.654375 0.01798828125 0.032421875
5 0.68853515625 0.826640625 0.055703125 0.0350390625
5 0.49294921875 0.877734375 0.0270703125 0.0232421875
0 0.5240234375 0.88880859375 0.0282421875 0.0209765625
0 0.35486328125 0.7071875 0.0227734375 0.0208203125
5 0.3505078125 0.7855859375 0.03689453125 0.02130859375
5 0.54169921875 0.40935546875 0.0236328125 0.0177734375
2 0.63287109375 0.2998828125 0.03056640625 0.02673828125
2 0.769140625 0.408125 0.02546875 0.029296875
1 0.7653125 0.51890625 0.02037109375 0.0165625