0 0.48037109375 0.39099609375 0.04037109375 0.0415234375
0 0.5161328125 0.38869140625 0.03345703125 0.02998046875
5 0.52248046875 0.3437109375 0.034609375 0.034609375
5 0.51208984375 0.3119921875 0.02998046875 0.0265234375
5 0.3096875 0.62974609375 0.0265234375 0.02767578125
5 0.33677734375 0.62224609375 0.034609375 0.0311328125
5 0.370234375 0.6158984375 0.02998046875 0.0415234375
5 0.66376953125 0.6603125 0.03576171875 0.0173046875
5 0.6960546875 0.6528125 0.0311328125 0.02537109375
5 0.6476171875 0.6205078125 0.03576171875 0.02306640625
5 0.6580078125 0.343125 0.0265234375 0.0265234375
5 0.59513671875 0.26873046875 0.0369140625 0.02767578125
5 0.6960546875 0.33216796875 0.0311328125 0.053046875