0 0.640703125 0.27623046875 0.03435546875 0.0287890625
0 0.55501953125 0.3359375 0.038828125 0.02732421875
0 0.4994140625 0.19220703125 0.0319921875 0.0219140625
0 0.52974609375 0.52466796875 0.03037109375 0.0201953125
5 0.66533203125 0.84318359375 0.03599609375 0.03822265625
5 0.4139453125 0.8205078125 0.025859375 0.01849609375
0 0.49259765625 0.24845703125 0.0293359375 0.01720703125
0 0.3848828125 0.27302734375 0.020859375 0.016875
0 0.72064453125 0.28115234375 0.03123046875 0.03314453125
0 0.68365234375 0.26751953125 0.0176953125 0.02787109375
5 0.7020703125 0.22099609375 0.0398828125 0.03552734375
5 0.63689453125 0.20435546875 0.0358984375 0.02607421875
0 0.45982421875 0.27703125 0.02974609375 0.0230859375