0 0.2129296875 0.41255859375 0.0310546875 0.0199609375
0 0.3837109375 0.2245703125 0.03326171875 0.03216796875
0 0.53177734375 0.3155078125 0.034375 0.0366015625
0 0.33658203125 0.26837890625 0.02994140625 0.028828125
0 0.3715234375 0.25619140625 0.028828125 0.03548828125
0 0.37595703125 0.31994140625 0.03548828125 0.02107421875
0 0.34490234375 0.33326171875 0.02439453125 0.0255078125
0 0.4962890625 0.20017578125 0.03216796875 0.0255078125
0 0.4851953125 0.28279296875 0.04103515625 0.02662109375
0 0.29287109375 0.6371875 0.0255078125 0.02341796875
0 0.46912109375 0.3512109375 0.0310546875 0.0310546875
0 0.403125 0.2633984375 0.034375 0.027734375
0 0.64552734375 0.5750390625 0.0223828125 0.0187890625
0 0.64978515625 0.65203125 0.02640625 0.028046875
0 0.2412109375 0.60830078125 0.0366015625 0.027734375