5 0.21798496240601506 0.21306214689265537 0.03263157894736842 0.032282485875706216
0 0.21649624060150377 0.29390960451977405 0.0461203007518797 0.02688135593220339
0 0.18121804511278197 0.23563841807909602 0.035984962406015036 0.023796610169491524
3 0.6688571428571429 0.40427118644067794 0.030917293233082704 0.030112994350282484
0 0.6746616541353383 0.4553672316384181 0.03457142857142857 0.042451977401129944
3 0.5334135338345866 0.49627118644067797 0.048571428571428564 0.029367231638418076
3 0.4730827067669173 0.5238757062146893 0.03497744360902256 0.026824858757062146
0 0.4081052631578947 0.5670734463276836 0.03679699248120301 0.01832768361581921
5 0.5625413533834586 0.6691525423728814 0.029969924812030074 0.020327683615819207
5 0.44181954887218045 0.6928022598870056 0.02735338345864662 0.03256497175141243
5 0.5901503759398496 0.3499774011299435 0.03577443609022556 0.017310734463276835
5 0.5135037593984962 0.6144406779661017 0.033473684210526315 0.024372881355932203
5 0.5495037593984963 0.5313898305084745 0.028601503759398496 0.023276836158192094
5 0.5915338345864661 0.5192429378531073 0.03303759398496241 0.036112994350282486
5 0.5690225563909774 0.6409604519774011 0.029218045112781955 0.021717514124293784
5 0.6089172932330827 0.6378757062146893 0.03487218045112782 0.02790960451977401
0 0.4037593984962406 0.5052090395480227 0.03634586466165414 0.018361581920903956
0 0.33897744360902254 0.2773107344632768 0.03846616541353383 0.0328135593220339
5 0.2752631578947369 0.25036158192090396 0.0401203007518797 0.026418079096045197
0 0.22233082706766916 0.266 0.03309774436090226 0.02263276836158192
0 0.16596992481203007 0.31651977401129944 0.032917293233082706 0.024655367231638418
0 0.4690526315789474 0.694225988700565 0.027142857142857146 0.021152542372881354
5 0.6459999999999999 0.34319774011299437 0.032917293233082706 0.022689265536723163