0 0.52166015625 0.4843359375 0.0238671875 0.03029296875
0 0.5655078125 0.53291015625 0.02119140625 0.02318359375
0 0.5394921875 0.52255859375 0.0294140625 0.0233203125
0 0.48509765625 0.8642578125 0.02490234375 0.03470703125
1 0.308203125 0.6523828125 0.02419921875 0.02259765625
1 0.31150390625 0.72705078125 0.025078125 0.02763671875
1 0.294140625 0.52455078125 0.03015625 0.02009765625
1 0.25001953125 0.592578125 0.03162109375 0.02154296875
1 0.27689453125 0.7515234375 0.02443359375 0.02513671875
5 0.72607421875 0.53916015625 0.02572265625 0.02896484375
1 0.330546875 0.825703125 0.02478515625 0.0316796875
1 0.31884765625 0.8608203125 0.02892578125 0.02203125