0 0.446953125 0.29646484375 0.03197265625 0.03017578125
5 0.75103515625 0.7261328125 0.02041015625 0.02580078125
5 0.74919921875 0.6940625 0.026640625 0.02234375
0 0.63318359375 0.693125 0.029375 0.02380859375
5 0.6112890625 0.65849609375 0.02470703125 0.0257421875
5 0.38033203125 0.61072265625 0.0294140625 0.01974609375
5 0.4235546875 0.84736328125 0.03396484375 0.04349609375
0 0.69580078125 0.81330078125 0.01658203125 0.02490234375
5 0.7780859375 0.67388671875 0.01923828125 0.02033203125
5 0.609453125 0.82810546875 0.03052734375 0.03546875
5 0.53240234375 0.8373046875 0.0173828125 0.02341796875
0 0.368203125 0.2561328125 0.0261328125 0.02861328125
1 0.7907421875 0.60451171875 0.02376953125 0.02490234375
5 0.49357421875 0.39224609375 0.02490234375 0.02376953125