3 0.34984375 0.61671875 0.026484375 0.031953125
5 0.6326953125 0.61671875 0.032734375 0.02572265625
5 0.532578125 0.852421875 0.03349609375 0.03427734375
5 0.708671875 0.29140625 0.02572265625 0.02337890625
5 0.46595703125 0.84619140625 0.032734375 0.02494140625
5 0.61166015625 0.76982421875 0.031171875 0.03740234375
5 0.53140625 0.8099609375 0.0420703125 0.030390625
5 0.3093359375 0.58244140625 0.0405078125 0.028828125
5 0.4550390625 0.81384765625 0.032734375 0.027265625
5 0.4830859375 0.81462890625 0.029609375 0.03818359375
5 0.557109375 0.85203125 0.026484375 0.02103515625
5 0.44841796875 0.78853515625 0.028828125 0.01869140625
5 0.49009765625 0.7807421875 0.032734375 0.02025390625