5 0.2921875 0.7219140625 0.03740234375 0.03349609375
5 0.29025390625 0.674375 0.02572265625 0.030390625
5 0.59490234375 0.82669921875 0.031953125 0.0420703125
5 0.40244140625 0.320625 0.03505859375 0.031953125
5 0.50958984375 0.43595703125 0.032734375 0.0428515625
5 0.54892578125 0.38296875 0.030390625 0.03349609375
5 0.69658203125 0.61087890625 0.0405078125 0.03740234375
5 0.68099609375 0.7180078125 0.04986328125 0.028828125
5 0.294140625 0.62333984375 0.0412890625 0.03583984375
5 0.40634765625 0.26609375 0.0412890625 0.02572265625
5 0.3669921875 0.22556640625 0.03583984375 0.028828125
5 0.44453125 0.296484375 0.05376953125 0.02259765625