5 0.56775 0.2145 0.040159999999999994 0.02921
0 0.48969999999999997 0.59513 0.03925 0.02556
5 0.32769 0.66039 0.03469 0.03012
5 0.38108 0.6343799999999999 0.03195 0.04199
5 0.30806 0.57459 0.04107 0.04107
5 0.35507 0.58098 0.04199 0.0356
5 0.39021 0.7179 0.02647 0.046549999999999994
5 0.48468 0.53123 0.038340000000000006 0.02921
5 0.44772 0.51207 0.028300000000000002 0.020079999999999997
5 0.29391 0.6111 0.038340000000000006 0.0356
5 0.29574 0.65583 0.02191 0.03012
5 0.31765 0.68275 0.02921 0.02921
5 0.34275 0.6202300000000001 0.05203 0.03377
5 0.39341000000000004 0.5800700000000001 0.031030000000000002 0.03377
5 0.29802 0.51024 0.04107 0.03286