3 0.58791015625 0.28361328125 0.03970703125 0.0291796875
3 0.4080078125 0.326171875 0.041328125 0.03322265625
5 0.53353515625 0.30390625 0.03037109375 0.03177734375
3 0.5798046875 0.25080078125 0.02998046875 0.0251171875
5 0.54640625 0.68943359375 0.03728515625 0.0291796875
5 0.505859375 0.9015625 0.0298046875 0.02638671875
5 0.41166015625 0.80912109375 0.04375 0.03322265625
5 0.4473046875 0.93189453125 0.032421875 0.02431640625
5 0.4469140625 0.89705078125 0.04294921875 0.019453125
5 0.31724609375 0.82978515625 0.0316015625 0.032421875
5 0.3533203125 0.6993359375 0.0405078125 0.02755859375
5 0.5818359375 0.36830078125 0.03728515625 0.02673828125
5 0.591953125 0.31845703125 0.07212890625 0.0356640625
5 0.60955078125 0.6696875 0.0380859375 0.0356640625
5 0.4809375 0.59560546875 0.03484375 0.0291796875
5 0.3525 0.55265625 0.03890625 0.0291796875