0 0.56931640625 0.24583984375 0.02451171875 0.0323828125
0 0.5334375 0.34845703125 0.03072265625 0.0247265625
0 0.65001953125 0.3484375 0.0219921875 0.02123046875
0 0.675078125 0.61400390625 0.02966796875 0.02501953125
0 0.60873046875 0.5345703125 0.02623046875 0.02771484375
0 0.65744140625 0.53642578125 0.03072265625 0.02248046875
0 0.7263671875 0.3655859375 0.023359375 0.019296875
0 0.5948828125 0.26841796875 0.02171875 0.02623046875
5 0.69751953125 0.66349609375 0.0313671875 0.03234375
5 0.32666015625 0.6218359375 0.0284765625 0.0299609375
0 0.41173828125 0.54318359375 0.0304296875 0.02896484375
0 0.57015625 0.83798828125 0.03296875 0.02322265625