5 0.33115234375 0.58048828125 0.029609375 0.02494140625
5 0.62142578125 0.68796875 0.02287109375 0.02017578125
5 0.25791015625 0.63658203125 0.02494140625 0.02494140625
5 0.2789453125 0.7799609375 0.01869140625 0.01869140625
5 0.28595703125 0.7499609375 0.032734375 0.02572265625
0 0.3705078125 0.3369921875 0.01947265625 0.028828125
0 0.4258203125 0.27349609375 0.02103515625 0.02337890625
0 0.46439453125 0.25595703125 0.029609375 0.028828125
0 0.46517578125 0.28556640625 0.029609375 0.02259765625
5 0.63697265625 0.28439453125 0.01947265625 0.02181640625
5 0.55087890625 0.295703125 0.029609375 0.028828125
5 0.5173828125 0.25478515625 0.0436328125 0.032734375
5 0.71216796875 0.62802734375 0.031171875 0.032734375
5 0.7207421875 0.71373046875 0.026484375 0.02025390625
5 0.75853515625 0.71177734375 0.01947265625 0.03505859375
5 0.4819140625 0.52671875 0.03662109375 0.026484375