3 0.39822265625 0.3251171875 0.0248046875 0.01865234375
0 0.68529296875 0.55724609375 0.0128515625 0.01724609375
0 0.2993359375 0.62416015625 0.0175390625 0.01919921875
0 0.6425390625 0.58568359375 0.0169140625 0.02203125
0 0.66126953125 0.58509765625 0.01203125 0.01595703125
0 0.66833984375 0.62693359375 0.01330078125 0.01927734375
0 0.67677734375 0.5915625 0.01537109375 0.0175
0 0.52 0.39154296875 0.0176953125 0.019609375
0 0.4995703125 0.4083203125 0.0223828125 0.02220703125
0 0.53330078125 0.30771484375 0.0182421875 0.02453125
0 0.52958984375 0.3684765625 0.02384765625 0.02232421875
0 0.62544921875 0.37955078125 0.01853515625 0.02005859375
0 0.6069921875 0.37544921875 0.01744140625 0.026484375
0 0.56921875 0.305234375 0.01517578125 0.0276953125