5 0.36939453125 0.6146484375 0.02267578125 0.032265625
0 0.32705078125 0.659921875 0.02267578125 0.026328125
0 0.67408203125 0.68228515625 0.0343359375 0.03435546875
5 0.4278125 0.887109375 0.02439453125 0.0251953125
5 0.31939453125 0.81228515625 0.01919921875 0.0262890625
5 0.34701171875 0.84568359375 0.03546875 0.02533203125
5 0.6465625 0.7632421875 0.02162109375 0.02470703125
5 0.44029296875 0.82921875 0.02392578125 0.02626953125
5 0.440234375 0.78755859375 0.02212890625 0.0174609375
5 0.63861328125 0.83419921875 0.02435546875 0.02947265625
0 0.47115234375 0.90248046875 0.02806640625 0.01701171875
5 0.66517578125 0.8158203125 0.0182421875 0.02486328125
5 0.5286328125 0.279375 0.027890625 0.02380859375
5 0.60078125 0.2837109375 0.0266015625 0.01892578125
5 0.59068359375 0.63265625 0.03177734375 0.022578125
5 0.6839453125 0.6523046875 0.02021484375 0.02462890625
5 0.7106640625 0.6666015625 0.01947265625 0.0261328125
5 0.40359375 0.891015625 0.0250390625 0.02966796875