0 0.4489453125 0.3677734375 0.0264453125 0.02064453125
0 0.52095703125 0.345078125 0.02294921875 0.0158984375
0 0.46587890625 0.34951171875 0.0226953125 0.01873046875
0 0.4008203125 0.358203125 0.01900390625 0.01806640625
0 0.49951171875 0.286484375 0.02068359375 0.01609375
0 0.51396484375 0.3187890625 0.0285546875 0.02501953125
0 0.440703125 0.38998046875 0.0144921875 0.02138671875
0 0.63771484375 0.808984375 0.0186328125 0.0209765625
0 0.58388671875 0.2504296875 0.02087890625 0.01625
0 0.5858203125 0.34158203125 0.0187109375 0.019453125
0 0.60083984375 0.32140625 0.01712890625 0.01970703125
0 0.53294921875 0.36283203125 0.01234375 0.01375
0 0.55345703125 0.3609765625 0.02322265625 0.0191015625