0 0.526640625 0.35369140625 0.054296875 0.0400390625
3 0.38126953125 0.2944140625 0.0313671875 0.03275390625
0 0.65576171875 0.70048828125 0.036484375 0.03525390625
0 0.4858984375 0.8845703125 0.03048828125 0.028515625
0 0.51359375 0.84619140625 0.03232421875 0.03208984375
0 0.33806640625 0.74646484375 0.01705078125 0.03248046875
0 0.37744140625 0.777421875 0.0298828125 0.055234375
0 0.39048828125 0.8226171875 0.03126953125 0.02203125
0 0.5083203125 0.40974609375 0.01767578125 0.0285546875
0 0.4379296875 0.3190234375 0.02109375 0.02015625
0 0.48234375 0.33806640625 0.0192578125 0.02322265625
5 0.33291015625 0.3209375 0.02736328125 0.03015625