4 0.6833447098976109 0.6012958435207824 0.04590443686006826 0.030488997555012227
4 0.43426621160409556 0.1500244498777506 0.05341296928327645 0.053202933985330075
4 0.48662116040955633 0.16317848410757946 0.045460750853242325 0.07232273838630807
5 0.23778156996587033 0.27315403422982887 0.03587030716723549 0.034058679706601466
5 0.3249829351535836 0.23190709046454766 0.025017064846416383 0.023300733496332517
4 0.2574061433447099 0.22623471882640586 0.05006825938566553 0.029877750611246947
1 0.11044368600682594 0.6244743276283619 0.019795221843003412 0.01511002444987775
5 0.15051194539249146 0.8123716381418092 0.03460750853242321 0.021026894865525673
5 0.9070648464163822 0.5415158924205379 0.03160409556313993 0.02234718826405868
5 0.18283276450511945 0.26559902200488994 0.0310580204778157 0.02354523227383863
2 0.6408532423208192 0.0804645476772616 0.026655290102389078 0.017017114914425428
2 0.3793174061433447 0.9017359413202934 0.029590443686006825 0.021980440097799512
1 0.2909215017064846 0.5379951100244499 0.03689419795221843 0.023031784841075795
0 0.09133105802047782 0.2404889975550122 0.029965870307167235 0.021466992665036672