0 0.659288840262582 0.22315943728018756 0.04311816192560175 0.019003516998827668
3 0.41951859956236326 0.2764243845252051 0.04552516411378556 0.025720984759671748
0 0.7076695842450765 0.6086752637749121 0.05887308533916849 0.02624267291910903
5 0.2066411378555799 0.614818288393904 0.09768052516411378 0.04287221570926143
5 0.3424398249452954 0.7595545134818288 0.0736323851203501 0.03290152403282533
5 0.2989059080962801 0.19257913247362252 0.07970459518599561 0.029443141852286046
5 0.5496936542669585 0.19752051582649474 0.05073304157549234 0.021963657678780772
5 0.77472647702407 0.6192438452520517 0.05529540481400438 0.03871043376318875
5 0.5394638949671773 0.30065064478311837 0.06670678336980307 0.024437280187573268
5 0.1446389496717724 0.5716471277842907 0.05063457330415755 0.030298944900351697
5 0.6767833698030635 0.5734876905041032 0.03946389496717724 0.017971864009378665