0 0.538734375 0.6373153575615474 0.031609375 0.018300117233294257
3 0.439390625 0.6112309495896835 0.026187500000000002 0.02439624853458382
3 0.6471250000000001 0.5211019929660023 0.028000000000000004 0.027104337631887458
3 0.5509375000000001 0.4807854630715123 0.0379375 0.02100820633059789
3 0.5820937500000001 0.6044548651817117 0.028000000000000004 0.018968347010550998
5 0.6430625 0.45063305978898005 0.02709375 0.023036342321219226
5 0.66653125 0.43640093786635403 0.019875 0.01626025791324736
5 0.691828125 0.4865416178194607 0.043359375 0.020328253223915592
5 0.541 0.541770222743259 0.039734375 0.018300117233294257
5 0.519328125 0.5973388042203985 0.034328125 0.03185228604923798
5 0.582546875 0.5854865181711606 0.032515625 0.012192262602579133
5 0.606921875 0.5529542790152403 0.02890625 0.017620164126611958
5 0.66925 0.46384525205158267 0.043359375 0.018300117233294257
4 0.52546875 0.5089097303634232 0.01834375 0.011336459554513482
4 0.569984375 0.5088745603751466 0.022218750000000002 0.012567409144196953
4 0.5959218749999999 0.5053927315357561 0.016796875 0.017221570926143025
4 0.629421875 0.49848769050410313 0.02034375 0.012438452520515826
4 0.6035781250000001 0.4742203985932005 0.029015625 0.016834701055099648