3 0.39048828125 0.3175 0.03939453125 0.02892578125
3 0.50572265625 0.390078125 0.02263671875 0.0220703125
0 0.577421875 0.36744140625 0.03599609375 0.02259765625
0 0.47671875 0.3904296875 0.01958984375 0.01728515625
0 0.55564453125 0.331953125 0.032734375 0.028515625
0 0.48609375 0.35142578125 0.02732421875 0.01802734375
0 0.5029296875 0.32650390625 0.0262109375 0.023125
0 0.5259765625 0.8787109375 0.0228515625 0.023203125
0 0.47642578125 0.36873046875 0.0262890625 0.0178515625
5 0.34236328125 0.371484375 0.0237109375 0.0306640625
0 0.660859375 0.2931640625 0.0197265625 0.020546875
0 0.614296875 0.314921875 0.02734375 0.0237890625
1 0.3705078125 0.66984375 0.0209375 0.01884765625