3 0.44455078125 0.36111328125 0.0261328125 0.0294921875
3 0.48205078125 0.33373046875 0.02865234375 0.0219140625
3 0.4298046875 0.8575 0.03203125 0.02107421875
3 0.47953125 0.84234375 0.0539453125 0.0294921875
3 0.61478515625 0.80609375 0.03455078125 0.0278125
3 0.556640625 0.34341796875 0.02443359375 0.02107421875
3 0.47953125 0.2798046875 0.0252734375 0.020234375
3 0.4116796875 0.26798828125 0.0278125 0.0219140625
3 0.41462890625 0.63669921875 0.02697265625 0.0261328125
5 0.61353515625 0.68431640625 0.03203125 0.03033203125
5 0.46646484375 0.89837890625 0.03287109375 0.02359375
5 0.35396484375 0.83306640625 0.03876953125 0.03119140625
5 0.59962890625 0.24861328125 0.0294921875 0.03033203125
0 0.32361328125 0.33583984375 0.03203125 0.016015625
0 0.34005859375 0.29666015625 0.03455078125 0.020234375