0 0.54126953125 0.23267578125 0.04140625 0.02759765625
0 0.34900390625 0.25830078125 0.02365234375 0.02169921875
0 0.4096484375 0.195703125 0.0404296875 0.02859375
0 0.56197265625 0.2775390625 0.02759765625 0.02267578125
5 0.35048828125 0.31154296875 0.020703125 0.01775390625
5 0.44267578125 0.1981640625 0.0295703125 0.02169921875
5 0.28740234375 0.54767578125 0.03056640625 0.02267578125
5 0.62900390625 0.5481640625 0.03943359375 0.02365234375
5 0.44513671875 0.30267578125 0.0404296875 0.025625
5 0.57478515625 0.340625 0.05521484375 0.01873046875
5 0.5728125 0.574296875 0.0374609375 0.02662109375
5 0.37416015625 0.52548828125 0.02859375 0.02365234375