3 0.59869140625 0.32109375 0.02234375 0.02140625
3 0.57927734375 0.37283203125 0.02732421875 0.0258203125
0 0.70642578125 0.850234375 0.02068359375 0.01876953125
3 0.37111328125 0.71296875 0.02240234375 0.02044921875
0 0.59376953125 0.655 0.02583984375 0.02640625
5 0.3898046875 0.29666015625 0.03287109375 0.0289453125
0 0.43796875 0.8178515625 0.025 0.0205078125
3 0.535234375 0.8634375 0.029921875 0.03046875
5 0.40818359375 0.34396484375 0.03046875 0.0239453125
1 0.7211328125 0.7211328125 0.0315625 0.0315625
5 0.58072265625 0.83978515625 0.02068359375 0.02068359375