3 0.5356981786643539 0.44957309184993527 0.023139635732870773 0.03351875808538163
3 0.5707632263660017 0.5674644243208279 0.024674761491760625 0.031849935316946965
3 0.4420728534258456 0.6023544631306598 0.019757155247181267 0.027968952134540752
3 0.6233391153512576 0.33152652005174643 0.018664353859496965 0.02869340232858991
3 0.5732437120555074 0.41917205692108667 0.02276669557675629 0.02386804657179819
3 0.5124371205550737 0.3988874514877102 0.01779705117085863 0.03036222509702458
3 0.469705117085863 0.4567399741267788 0.01328707718993929 0.019184993531694696
3 0.4910581092801388 0.444980595084088 0.014813529921942757 0.022263906856403625
3 0.4611708586296618 0.48800776196636486 0.018161318300086732 0.020310478654592495
3 0.47915871639202084 0.48146183699870637 0.01572419774501301 0.017464424320827943
3 0.5167129228100606 0.5429107373868047 0.01535993061578491 0.01959896507115136
5 0.6111708586296617 0.21673997412677878 0.02315698178664354 0.028357050452781373