5 0.78982421875 0.6166796875 0.03513671875 0.02828125
5 0.77181640625 0.6483984375 0.03171875 0.02828125
5 0.6775390625 0.6728125 0.02486328125 0.0154296875
5 0.7606640625 0.69767578125 0.03513671875 0.029140625
5 0.8228125 0.65052734375 0.030859375 0.030859375
5 0.78595703125 0.69810546875 0.029140625 0.03341796875
5 0.791953125 0.776953125 0.0445703125 0.03171875
5 0.78595703125 0.57125 0.03771484375 0.02314453125
5 0.85794921875 0.5301171875 0.03427734375 0.0419921875
5 0.49326171875 0.49625 0.03 0.027421875
5 0.28755859375 0.64796875 0.02828125 0.0411328125
5 0.47140625 0.363828125 0.027421875 0.02314453125
5 0.735390625 0.5896875 0.03943359375 0.03771484375