0 0.5895703125 0.608984375 0.03328125 0.02931640625
0 0.6775390625 0.67634765625 0.0364453125 0.01822265625
0 0.3791796875 0.830859375 0.03248046875 0.02138671875
0 0.5558984375 0.89625 0.0356640625 0.02853515625
0 0.558671875 0.69615234375 0.0364453125 0.027734375
5 0.708828125 0.8106640625 0.0356640625 0.02853515625
5 0.663671875 0.90654296875 0.0419921875 0.0364453125
5 0.66880859375 0.64861328125 0.0364453125 0.0245703125
5 0.75955078125 0.63197265625 0.02931640625 0.04357421875
5 0.74091796875 0.66603515625 0.04595703125 0.03248046875
3 0.65005859375 0.81072265625 0.0251953125 0.0335546875