5 0.3344140625 0.3462890625 0.0253515625 0.02060546875
5 0.3348046875 0.30349609375 0.02931640625 0.0221875
5 0.37482421875 0.2024609375 0.03486328125 0.0198046875
5 0.4619921875 0.316171875 0.02693359375 0.02853515625
5 0.49923828125 0.30865234375 0.0221875 0.02931640625
5 0.52736328125 0.331640625 0.0245703125 0.02931640625
5 0.55232421875 0.35341796875 0.02853515625 0.0301171875
5 0.52458984375 0.2579296875 0.0253515625 0.01822265625
5 0.20048828125 0.62642578125 0.0301171875 0.0356640625
5 0.5669921875 0.5753125 0.03248046875 0.02376953125
5 0.5309375 0.6034375 0.02853515625 0.0134765625
5 0.54994140625 0.57767578125 0.03486328125 0.01744140625
5 0.1251953125 0.7112109375 0.044375 0.04041015625