0 0.4696875 0.3664453125 0.02578125 0.0149609375
0 0.5230859375 0.286015625 0.0226953125 0.013671875
0 0.51908203125 0.25525390625 0.020703125 0.01837890625
0 0.544921875 0.3407421875 0.02421875 0.01623046875
0 0.46220703125 0.38984375 0.01232421875 0.01662109375
0 0.49080078125 0.41322265625 0.01533203125 0.01669921875
0 0.4585546875 0.41931640625 0.024609375 0.02287109375
0 0.41962890625 0.36017578125 0.0205078125 0.01748046875
0 0.48775390625 0.34759765625 0.019765625 0.02091796875
0 0.5852734375 0.34294921875 0.02212890625 0.02517578125
0 0.46224609375 0.3490625 0.02896484375 0.01630859375