3 0.73228515625 0.53484375 0.03453125 0.02791015625
3 0.68439453125 0.7431640625 0.03783203125 0.042421875
3 0.6758203125 0.667578125 0.02857421875 0.0219921875
3 0.4635546875 0.33462890625 0.02599609375 0.0236328125
0 0.3758984375 0.8244140625 0.0230078125 0.02068359375
0 0.6720703125 0.62384765625 0.02505859375 0.023671875
0 0.51611328125 0.45025390625 0.0221484375 0.0211328125
0 0.4635546875 0.4075 0.02599609375 0.02744140625
0 0.7344140625 0.3678515625 0.01703125 0.01876953125
0 0.74978515625 0.3903515625 0.03255859375 0.02216796875
0 0.75763671875 0.4096484375 0.02783203125 0.02314453125
0 0.66486328125 0.80623046875 0.02845703125 0.02197265625
0 0.649296875 0.77751953125 0.03099609375 0.02
1 0.35875 0.76037109375 0.0244921875 0.0244921875