5 0.63251953125 0.35466796875 0.034453125 0.03001953125
5 0.52572265625 0.422421875 0.02416015625 0.02265625
5 0.43240234375 0.37572265625 0.03166015625 0.02451171875
0 0.38662109375 0.31404296875 0.03166015625 0.023828125
5 0.4055859375 0.28408203125 0.02830078125 0.03087890625
5 0.46791015625 0.28953125 0.02576171875 0.02607421875
0 0.44330078125 0.28794921875 0.024140625 0.02109375
0 0.34845703125 0.5606640625 0.02859375 0.02078125
0 0.2930078125 0.57337890625 0.02755859375 0.02791015625
0 0.5300390625 0.824296875 0.02365234375 0.022421875
0 0.23544921875 0.67603515625 0.02052734375 0.02810546875
5 0.39548828125 0.77138671875 0.02939453125 0.02693359375