5 0.466640625 0.57927734375 0.0344140625 0.03232421875
5 0.4166015625 0.3284765625 0.0552734375 0.03962890625
5 0.644453125 0.37279296875 0.03544921875 0.023984375
5 0.66322265625 0.62619140625 0.03962890625 0.02189453125
0 0.5954296875 0.31857421875 0.0375390625 0.023984375
0 0.54798828125 0.34150390625 0.0344140625 0.023984375
0 0.81181640625 0.3701953125 0.04484375 0.03337890625
0 0.38009765625 0.83109375 0.030234375 0.02294921875
0 0.6819921875 0.71119140625 0.0375390625 0.027109375
5 0.613671875 0.2069921875 0.04275390625 0.023984375
5 0.646015625 0.55423828125 0.04900390625 0.03232421875