0 0.54021484375 0.267421875 0.0354296875 0.0271875
0 0.54310546875 0.33912109375 0.0412109375 0.025546875
0 0.58759765625 0.3416015625 0.034609375 0.02390625
0 0.5908984375 0.2905078125 0.03791015625 0.04203125
0 0.49900390625 0.27443359375 0.03708984375 0.0263671875
0 0.42525390625 0.25177734375 0.0412109375 0.025546875
0 0.4977734375 0.23693359375 0.0247265625 0.02884765625
0 0.68484375 0.3807421875 0.04451171875 0.03296875
0 0.77880859375 0.42978515625 0.0247265625 0.0271875
0 0.728125 0.41865234375 0.04533203125 0.03296875
0 0.62427734375 0.2859765625 0.0321484375 0.018125
0 0.48169921875 0.3176953125 0.02884765625 0.0321484375
0 0.45369140625 0.4495703125 0.02390625 0.02390625
0 0.487890625 0.4751171875 0.0263671875 0.03048828125
0 0.660546875 0.693515625 0.03708984375 0.02884765625
0 0.636640625 0.81958984375 0.03873046875 0.0271875
0 0.6164453125 0.8624609375 0.02966796875 0.02390625
0 0.7483203125 0.7726171875 0.02306640625 0.025546875
0 0.743359375 0.803125 0.02306640625 0.0321484375
0 0.71453125 0.26619140625 0.02966796875 0.03130859375
0 0.650234375 0.30205078125 0.0412109375 0.02060546875
0 0.566171875 0.3634375 0.0263671875 0.0263671875
0 0.47140625 0.40341796875 0.05275390625 0.03873046875
0 0.53197265625 0.93498046875 0.0321484375 0.03048828125
0 0.477578125 0.97166015625 0.040390625 0.02306640625
0 0.6259375 0.5801953125 0.03708984375 0.0263671875