5 0.33361328125 0.62958984375 0.0253515625 0.02931640625
5 0.39462890625 0.57927734375 0.04279296875 0.0221875
5 0.46873046875 0.58798828125 0.038828125 0.03169921875
5 0.492109375 0.61849609375 0.03169921875 0.02615234375
5 0.52458984375 0.55509765625 0.0221875 0.02298828125
5 0.59037109375 0.7940234375 0.03328125 0.0253515625
5 0.5908984375 0.85552734375 0.031171875 0.01962890625
5 0.59115234375 0.66484375 0.02693359375 0.02853515625
5 0.2571484375 0.68267578125 0.027734375 0.04041015625
5 0.30072265625 0.76548828125 0.0198046875 0.02853515625
5 0.3962109375 0.80431640625 0.03328125 0.02853515625
5 0.631875 0.2902734375 0.04095703125 0.02353515625
2 0.63265625 0.798515625 0.01498046875 0.0161328125