0 0.39138671875 0.35515625 0.02736328125 0.03015625
0 0.4400390625 0.3634375 0.0359375 0.02375
0 0.74373046875 0.6037890625 0.01880859375 0.02095703125
5 0.71732421875 0.6838671875 0.0227734375 0.02361328125
5 0.69513671875 0.663125 0.02236328125 0.02240234375
0 0.5577734375 0.55814453125 0.02232421875 0.02490234375
0 0.7545703125 0.68228515625 0.02767578125 0.03693359375
5 0.6951953125 0.76177734375 0.0426171875 0.03658203125
5 0.5559375 0.29978515625 0.02599609375 0.0228125
1 0.641640625 0.77076171875 0.01720703125 0.03177734375
1 0.535703125 0.83234375 0.01986328125 0.02515625