0 0.64365234375 0.59857421875 0.0384375 0.01966796875
5 0.28751953125 0.6869140625 0.0220703125 0.02603515625
5 0.29611328125 0.59134765625 0.01912109375 0.0198828125
5 0.33787109375 0.65552734375 0.03125 0.0237109375
0 0.64494140625 0.66671875 0.0318359375 0.0277734375
0 0.6632421875 0.627265625 0.0318359375 0.02943359375
0 0.46615234375 0.85693359375 0.033203125 0.02359375
5 0.3300390625 0.61306640625 0.0265625 0.02119140625
0 0.2750390625 0.5764453125 0.024609375 0.0212109375
5 0.28892578125 0.72630859375 0.02126953125 0.02056640625
0 0.32220703125 0.33021484375 0.021875 0.02140625