5 0.3703515625 0.2484375 0.04357421875 0.035234375
5 0.36478515625 0.34857421875 0.02873046875 0.0315234375
0 0.6262109375 0.297109375 0.034296875 0.02873046875
0 0.45703125 0.4537890625 0.03708984375 0.0305859375
0 0.54927734375 0.325390625 0.03244140625 0.0278125
0 0.4816015625 0.35505859375 0.0380078125 0.03337890625
0 0.59052734375 0.6744140625 0.03708984375 0.03986328125
0 0.6605078125 0.58033203125 0.03615234375 0.0166796875
5 0.72076171875 0.34068359375 0.0250390625 0.02873046875
5 0.7712890625 0.352734375 0.020390625 0.034296875
5 0.4333984375 0.40048828125 0.026875 0.02966796875
0 0.47556640625 0.41484375 0.03708984375 0.04171875
5 0.6197265625 0.26048828125 0.06953125 0.02224609375