0 0.497578125 0.65154296875 0.0267578125 0.02482421875
0 0.4220703125 0.66390625 0.0196875 0.02076171875
0 0.36158203125 0.83380859375 0.023984375 0.0252734375
1 0.3238671875 0.26365234375 0.02982421875 0.0312890625
1 0.5455078125 0.27197265625 0.0193359375 0.02591796875
0 0.45515625 0.286171875 0.0231640625 0.02384765625
0 0.50970703125 0.2981640625 0.030703125 0.022421875
0 0.6394921875 0.8120703125 0.01767578125 0.02923828125
5 0.39197265625 0.68921875 0.02720703125 0.032421875
0 0.3771484375 0.3150390625 0.02296875 0.0189453125
0 0.40796875 0.286171875 0.02533203125 0.02216796875