3 0.47403125 0.5420867526377491 0.022296875 0.019812426729191087
3 0.382515625 0.5374677608440797 0.026984374999999998 0.021125439624853456
3 0.566734375 0.5821453692848769 0.022296875 0.017162954279015243
5 0.49721875000000004 0.6796365767878078 0.031093749999999996 0.01936694021101993
5 0.40481249999999996 0.7172801875732708 0.0258125 0.017162954279015243
5 0.5435625 0.4800234466588511 0.024046875000000002 0.014525205158264947
5 0.574359375 0.4820046893317702 0.01759375 0.018487690504103167
5 0.623640625 0.5086283704572099 0.024640625 0.014525205158264947
5 0.49251562499999996 0.603493552168816 0.02640625 0.0176084407971864
5 0.43326562500000004 0.7117702227432591 0.029921874999999997 0.01936694021101993
5 0.439421875 0.62 0.02815625 0.015404454865181712
5 0.4555625 0.6508089097303634 0.042828125 0.019812426729191087
5 0.503671875 0.6556506447831184 0.034609375 0.018933177022274324
5 0.39718749999999997 0.6939507620164127 0.037546875 0.021570926143024617