4 0.5971971496437054 0.15115966386554622 0.046247030878859854 0.040907563025210085
0 0.7763657957244656 0.2550924369747899 0.02539192399049881 0.02119327731092437
0 0.829334916864608 0.2207563025210084 0.026223277909738715 0.018100840336134454
0 0.8026365795724466 0.27430252100840335 0.021591448931116388 0.015815126050420167
0 0.8634441805225653 0.24736134453781514 0.025890736342042756 0.020840336134453782
0 0.7899524940617577 0.17694117647058824 0.020570071258907363 0.01364705882352941
5 0.2929691211401425 0.23981512605042016 0.021330166270783848 0.010067226890756302
4 0.26783847980997627 0.2360504201680672 0.02893111638954869 0.01184873949579832
0 0.19684085510688837 0.23836974789915968 0.02206650831353919 0.01107563025210084
5 0.251520190023753 0.1841344537815126 0.021876484560570075 0.011647058823529411
0 0.4287885985748219 0.12410084033613446 0.02182897862232779 0.012521008403361344
0 0.8458669833729217 0.2049075630252101 0.019287410926365794 0.015831932773109243
0 0.9000237529691212 0.4047394957983193 0.027719714964370545 0.023983193277310924
1 0.3196437054631829 0.6391764705882353 0.017719714964370546 0.011008403361344538
4 0.7215676959619952 0.11684033613445377 0.041187648456057005 0.02500840336134454
5 0.9087885985748219 0.4359495798319328 0.015748218527315914 0.013563025210084035
0 0.8802612826603324 0.4381344537815126 0.019358669833729216 0.01211764705882353
5 0.23028503562945368 0.5452773109243697 0.014275534441805226 0.009865546218487396
1 0.2821852731591449 0.5496302521008403 0.012969121140142518 0.010319327731092436
4 0.20935866983372922 0.5774621848739495 0.021092636579572447 0.015260504201680672
4 0.16007125890736343 0.5654789915966386 0.015890736342042758 0.011697478991596639
0 0.25161520190023756 0.5297310924369748 0.017030878859857483 0.009747899159663865
5 0.1136104513064133 0.5647899159663866 0.024821852731591446 0.023915966386554622
4 0.4458194774346793 0.2933109243697479 0.025439429928741094 0.016789915966386557
5 0.28128266033254157 0.27736134453781514 0.02028503562945368 0.00973109243697479
0 0.2278147268408551 0.19257142857142856 0.018574821852731592 0.013865546218487394
5 0.21370546318289785 0.134672268907563 0.015130641330166271 0.011915966386554622
4 0.7457957244655582 0.6390252100840337 0.02287410926365796 0.013310924369747899
4 0.8797624703087886 0.510890756302521 0.0197624703087886 0.01714285714285714
0 0.7797387173396674 0.5139159663865546 0.015130641330166271 0.013310924369747899