0 0.4546575342465753 0.27957654723127034 0.027602739726027396 0.021172638436482084
0 0.593607305936073 0.2971498371335505 0.0397716894977169 0.024625407166123776
0 0.5408219178082192 0.274413680781759 0.03296803652968036 0.016416938110749187
0 0.45641552511415523 0.3856840390879479 0.024063926940639267 0.015309446254071662
0 0.2542694063926941 0.6236319218241043 0.0336986301369863 0.015863192182410425
0 0.2248173515981735 0.7693811074918566 0.019452054794520546 0.012882736156351791
0 0.28066210045662104 0.733599348534202 0.025342465753424658 0.014006514657980456
0 0.7622374429223745 0.5917915309446254 0.026621004566210044 0.01744299674267101
0 0.7275342465753425 0.6514495114006514 0.025433789954337902 0.015586319218241043
5 0.36527397260273975 0.8911074918566775 0.028881278538812786 0.017736156351791533
5 0.467716894977169 0.8969218241042346 0.030205479452054797 0.014478827361563518
5 0.23538812785388127 0.6960912052117263 0.021803652968036533 0.013534201954397395
0 0.6859132420091324 0.6881270358306188 0.027237442922374427 0.014364820846905537
0 0.42061643835616436 0.35473941368078177 0.027716894977168952 0.016791530944625408
5 0.30614155251141556 0.6890553745928338 0.029269406392694066 0.01252442996742671
5 0.7411187214611873 0.7641205211726385 0.024383561643835615 0.011677524429967426
5 0.7473287671232877 0.6625732899022801 0.025045662100456622 0.011775244299674267
5 0.16687214611872148 0.6236156351791531 0.02819634703196347 0.015863192182410425
5 0.2359132420091324 0.6748859934853421 0.01815068493150685 0.014006514657980456
5 0.19573059360730594 0.6836482084690554 0.020091324200913245 0.016612377850162865
5 0.20136986301369864 0.610814332247557 0.021917808219178082 0.016335504885993484
1 0.7261643835616438 0.9252117263843649 0.020342465753424657 0.013273615635179153
5 0.6162785388127854 0.9049837133550488 0.03954337899543379 0.02687296416938111
0 0.33684931506849314 0.24229641693811077 0.020114155251141554 0.011856677524429968
5 0.7821461187214611 0.7268892508143322 0.031187214611872148 0.01736156351791531
5 0.8270319634703197 0.6585342019543974 0.019840182648401827 0.014837133550488598
5 0.7750913242009133 0.7595114006514657 0.021780821917808217 0.019218241042345277
5 0.7875114155251142 0.5451465798045603 0.023082191780821916 0.011758957654723127
5 0.8294520547945206 0.611742671009772 0.017602739726027397 0.01446254071661238