5 0.4905078125 0.80234375 0.02693359375 0.016640625
5 0.5012109375 0.84078125 0.02615234375 0.02693359375
5 0.54716796875 0.28884765625 0.03248046875 0.02931640625
5 0.46318359375 0.2741796875 0.02931640625 0.02376953125
5 0.39662109375 0.26666015625 0.02615234375 0.0245703125
5 0.63791015625 0.3070703125 0.04279296875 0.0198046875
5 0.29162109375 0.53806640625 0.0253515625 0.01744140625
5 0.36927734375 0.536484375 0.0221875 0.01744140625
5 0.3962109375 0.58005859375 0.03486328125 0.0221875
5 0.5146875 0.57095703125 0.027734375 0.02138671875
5 0.54361328125 0.5558984375 0.0301171875 0.0245703125
5 0.3209375 0.72546875 0.02853515625 0.0198046875
5 0.62126953125 0.3518359375 0.03328125 0.0253515625