3 0.38251953125 0.6111328125 0.0225390625 0.0190234375
3 0.41705078125 0.3708984375 0.0225390625 0.0176171875
3 0.47658203125 0.64283203125 0.01337890625 0.01478515625
0 0.62310546875 0.751328125 0.0176171875 0.0176171875
0 0.5135546875 0.387109375 0.02677734375 0.0232421875
0 0.40189453125 0.31736328125 0.02888671875 0.0204296875
0 0.32017578125 0.38251953125 0.0190234375 0.0155078125
0 0.66818359375 0.6118359375 0.0176171875 0.0176171875
0 0.551953125 0.64740234375 0.0176171875 0.01408203125
0 0.52095703125 0.43994140625 0.0218359375 0.0190234375
0 0.54525390625 0.31171875 0.0197265625 0.0162109375
5 0.36033203125 0.7808984375 0.02888671875 0.0232421875
0 0.330390625 0.60794921875 0.02677734375 0.0155078125
5 0.2842578125 0.614296875 0.0218359375 0.0155078125
0 0.3240625 0.64318359375 0.02958984375 0.02677734375
0 0.5114453125 0.348359375 0.0211328125 0.01478515625
0 0.556171875 0.36208984375 0.0246484375 0.0155078125
5 0.2842578125 0.5928125 0.03734375 0.0218359375
5 0.2296484375 0.60548828125 0.0225390625 0.0232421875
5 0.2405859375 0.66326171875 0.02748046875 0.0204296875
0 0.405078125 0.54703125 0.0211328125 0.0162109375
0 0.50263671875 0.61888671875 0.0176171875 0.0162109375