5 0.43267578125 0.52935546875 0.02853515625 0.0190234375
5 0.53607421875 0.56658203125 0.0308984375 0.01744140625
5 0.67158203125 0.55271484375 0.027734375 0.02138671875
5 0.73142578125 0.61810546875 0.02693359375 0.0142578125
5 0.725078125 0.38669921875 0.02376953125 0.02060546875
5 0.4394140625 0.8225390625 0.016640625 0.02060546875
5 0.61017578125 0.76390625 0.0221875 0.02376953125
5 0.3958203125 0.7971875 0.0245703125 0.01744140625
5 0.3732421875 0.77025390625 0.02060546875 0.02060546875
5 0.3898828125 0.78134765625 0.0190234375 0.01583984375
5 0.37759765625 0.3126171875 0.02138671875 0.02615234375