0 0.388203125 0.2636328125 0.0403125 0.020078125
0 0.35615234375 0.293984375 0.03115234375 0.02037109375
0 0.5455078125 0.26794921875 0.02896484375 0.0195703125
0 0.4578515625 0.28158203125 0.03126953125 0.02484375
3 0.61685546875 0.6343359375 0.02876953125 0.02525390625
0 0.66025390625 0.72169921875 0.0294921875 0.03150390625
0 0.79955078125 0.616171875 0.02974609375 0.032890625
0 0.7942578125 0.53037109375 0.03013671875 0.03162109375
0 0.64611328125 0.32126953125 0.02318359375 0.0328125
0 0.81705078125 0.485390625 0.01712890625 0.0240625
0 0.451796875 0.88091796875 0.02099609375 0.0202734375