0 0.5271484375 0.40734375 0.02271484375 0.017578125
0 0.52201171875 0.4447265625 0.02564453125 0.0205078125
0 0.55314453125 0.2509375 0.036640625 0.027109375
0 0.4703515625 0.334453125 0.0263671875 0.01978515625
5 0.4751171875 0.41431640625 0.02857421875 0.02125
0 0.44544921875 0.36888671875 0.01611328125 0.01685546875
0 0.441796875 0.39416015625 0.036640625 0.01904296875
5 0.56962890625 0.31833984375 0.01978515625 0.01685546875
0 0.542890625 0.35349609375 0.02490234375 0.03443359375
0 0.4916015625 0.267421875 0.0234375 0.01904296875
5 0.68978515625 0.617265625 0.01099609375 0.01392578125
5 0.7125 0.5905078125 0.015390625 0.01611328125
5 0.28755859375 0.56083984375 0.015390625 0.015390625