0 0.37353515625 0.80947265625 0.0343359375 0.027421875
5 0.30564453125 0.7978515625 0.02896484375 0.02619140625
5 0.3423828125 0.79166015625 0.01947265625 0.02732421875
0 0.71029296875 0.674375 0.0288671875 0.02306640625
5 0.64697265625 0.5759765625 0.0275390625 0.02435546875
0 0.588984375 0.79771484375 0.02498046875 0.02083984375
0 0.5501171875 0.30025390625 0.02177734375 0.0283203125
0 0.5867578125 0.30091796875 0.02564453125 0.01947265625
3 0.34859375 0.6918359375 0.01833984375 0.02580078125
0 0.39517578125 0.5425390625 0.02681640625 0.02353515625
1 0.45671875 0.34529296875 0.0244921875 0.02693359375
1 0.51181640625 0.69486328125 0.0244921875 0.0208203125
1 0.40099609375 0.78240234375 0.0208203125 0.02203125