5 0.3329296875 0.63166015625 0.01693359375 0.01421875
5 0.28009765625 0.5859375 0.0196484375 0.01625
5 0.306171875 0.56966796875 0.0216796875 0.0176171875
5 0.28111328125 0.53783203125 0.01490234375 0.0176171875
5 0.48873046875 0.47958984375 0.01828125 0.01625
5 0.4724609375 0.5622265625 0.01693359375 0.01490234375
0 0.45689453125 0.3298828125 0.0237109375 0.0176171875
5 0.66349609375 0.62623046875 0.0196484375 0.01693359375
5 0.7329296875 0.57880859375 0.0176171875 0.01828125
5 0.71666015625 0.65265625 0.01896484375 0.0155859375
5 0.4653515625 0.52734375 0.02302734375 0.01421875