3 0.49205078125 0.2137890625 0.02365234375 0.017421875
0 0.52099609375 0.2803125 0.01642578125 0.02181640625
0 0.5228125 0.24892578125 0.0200390625 0.01767578125
0 0.4846875 0.2760546875 0.02029296875 0.0230859375
0 0.46572265625 0.25576171875 0.01658203125 0.01666015625
0 0.4294921875 0.20140625 0.02390625 0.01869140625
3 0.409375 0.2205859375 0.02435546875 0.01470703125
0 0.40755859375 0.20443359375 0.0207421875 0.01986328125
0 0.46791015625 0.3432421875 0.01767578125 0.0190625
0 0.4398046875 0.825703125 0.025 0.02177734375
0 0.56859375 0.6903125 0.0171484375 0.02126953125
0 0.42591796875 0.31193359375 0.01837890625 0.0183203125
0 0.40833984375 0.305546875 0.0173828125 0.02021484375