3 0.61703125 0.2620703125 0.0315625 0.02103515625
0 0.50703125 0.198515625 0.032421875 0.02541015625
0 0.42728515625 0.2221875 0.0219140625 0.02015625
5 0.83966796875 0.52544921875 0.028046875 0.02716796875
5 0.8655078125 0.61966796875 0.03068359375 0.03857421875
5 0.869453125 0.66962890625 0.03857421875 0.03857421875
0 0.64947265625 0.82125 0.028046875 0.02279296875
5 0.59380859375 0.76251953125 0.02892578125 0.02455078125
5 0.4461328125 0.31333984375 0.02103515625 0.02015625
5 0.674453125 0.25330078125 0.0219140625 0.0175390625
5 0.714765625 0.75595703125 0.02541015625 0.0183984375
5 0.80634765625 0.620546875 0.0262890625 0.02103515625
5 0.8015234375 0.66611328125 0.032421875 0.03505859375
5 0.8015234375 0.5872265625 0.0341796875 0.028046875
5 0.6087109375 0.862890625 0.0376953125 0.03068359375
5 0.53947265625 0.7875 0.02716796875 0.02015625
5 0.68013671875 0.82431640625 0.02103515625 0.023671875