5 0.24389880952380955 0.587248322147651 0.05032738095238095 0.030950782997762865
5 0.30424107142857143 0.7549217002237136 0.03061011904761905 0.024910514541387024
0 0.7363839285714286 0.6884228187919463 0.03816964285714285 0.02693512304250559
0 0.7809375 0.6561521252796421 0.038526785714285715 0.026006711409395974
0 0.7242261904761905 0.7605145413870246 0.03037202380952381 0.020592841163310963
5 0.3956547619047619 0.6621812080536913 0.0359077380952381 0.022550335570469798
5 0.6801785714285714 0.8098545861297539 0.02898809523809524 0.01841163310961969
0 0.45278273809523806 0.3081208053691275 0.03867559523809524 0.022013422818791945
5 0.5454017857142857 0.22033557046979865 0.027797619047619047 0.02181208053691275
5 0.6107738095238096 0.27748322147651006 0.03470238095238095 0.021252796420581657
5 0.6061309523809524 0.2457158836689038 0.043988095238095236 0.02446308724832215
3 0.5719494047619048 0.14605145413870246 0.032053571428571424 0.029093959731543627
3 0.5857142857142857 0.19215883668903802 0.032053571428571424 0.021308724832214767
5 0.7469345238095239 0.18901565995525726 0.026250000000000002 0.02587248322147651
0 0.43069940476190477 0.3680536912751678 0.02547619047619048 0.01930648769574944
0 0.26535714285714285 0.3255704697986577 0.03953869047619048 0.018120805369127517
5 0.5474107142857143 0.3780089485458613 0.04214285714285714 0.040760626398210285
5 0.8539434523809524 0.5296308724832215 0.025580357142857144 0.02900447427293065