0 0.445546875 0.32837890625 0.0259765625 0.0269921875
0 0.453125 0.35994140625 0.02587890625 0.0240625
5 0.64396484375 0.7071875 0.02998046875 0.0294140625
5 0.756953125 0.7686328125 0.0223046875 0.0287109375
0 0.2905078125 0.61083984375 0.02744140625 0.0263671875
5 0.417890625 0.29974609375 0.02484375 0.02220703125
5 0.5434765625 0.35142578125 0.02205078125 0.022265625
5 0.73173828125 0.87466796875 0.02943359375 0.02912109375
5 0.71833984375 0.91328125 0.02802734375 0.023359375
1 0.567109375 0.23837890625 0.0239453125 0.02177734375
1 0.35486328125 0.73310546875 0.0239453125 0.02068359375
1 0.7690234375 0.69556640625 0.02068359375 0.02177734375
5 0.82345703125 0.825625 0.02068359375 0.0228515625
5 0.66017578125 0.7548828125 0.0228515625 0.016328125
5 0.76794921875 0.4234375 0.0250390625 0.050078125
5 0.8011328125 0.4642578125 0.03265625 0.0555078125