0 0.656484375 0.58689453125 0.0312890625 0.03111328125
5 0.3284765625 0.6241796875 0.024765625 0.01998046875
5 0.380703125 0.57837890625 0.02826171875 0.03123046875
5 0.48908203125 0.39130859375 0.0316796875 0.02466796875
0 0.48490234375 0.3487109375 0.02521484375 0.02712890625
0 0.4158984375 0.2935546875 0.03197265625 0.0253515625
0 0.55658203125 0.2784765625 0.02576171875 0.0237890625
0 0.56849609375 0.304453125 0.021015625 0.02048828125
0 0.5951171875 0.298046875 0.0228125 0.02482421875
5 0.7013671875 0.6408984375 0.0219921875 0.02673828125
0 0.5319921875 0.32763671875 0.0241796875 0.02498046875
0 0.56384765625 0.81927734375 0.03455078125 0.0254296875
5 0.666015625 0.7887109375 0.0291796875 0.025234375