0 0.6581222707423581 0.6521207430340556 0.03384279475982533 0.02676470588235294
0 0.674759825327511 0.5744427244582043 0.019694323144104804 0.014024767801857586
1 0.29510917030567685 0.5078792569659443 0.01482532751091703 0.006547987616099072
0 0.092882096069869 0.5847987616099071 0.026419213973799125 0.017755417956656347
0 0.7106986899563319 0.6097523219814242 0.026899563318777294 0.016749226006191952
0 0.11305676855895197 0.6255108359133127 0.01718340611353712 0.014287925696594428
0 0.15480349344978167 0.5619969040247679 0.029541484716157203 0.012925696594427244
1 0.5703930131004367 0.5696439628482972 0.020043668122270743 0.012925696594427244
0 0.5716375545851529 0.5402631578947368 0.024716157205240175 0.013591331269349844
0 0.6452401746724891 0.5660835913312694 0.0188646288209607 0.010882352941176471
5 0.7054803493449782 0.5350928792569659 0.02294759825327511 0.01173374613003096
4 0.7536899563318777 0.6528947368421052 0.02235807860262009 0.013003095975232198
4 0.7888427947598253 0.5830959752321981 0.043078602620087336 0.021160990712074303
5 0.591353711790393 0.6414705882352941 0.04041484716157206 0.01904024767801858
5 0.5674454148471615 0.6046284829721362 0.016331877729257642 0.01326625386996904
4 0.7259606986899564 0.5137306501547988 0.025109170305676855 0.013173374613003096