0 0.42232421875 0.401015625 0.0150390625 0.02255859375
5 0.33146484375 0.3653125 0.02630859375 0.031328125
5 0.3797265625 0.25251953125 0.02505859375 0.028828125
5 0.45052734375 0.37845703125 0.02380859375 0.0175390625
5 0.55830078125 0.37720703125 0.02630859375 0.02005859375
5 0.6121875 0.335234375 0.02630859375 0.02380859375
5 0.58775390625 0.3226953125 0.02005859375 0.0162890625
5 0.54890625 0.30578125 0.02255859375 0.02255859375
5 0.5946484375 0.278203125 0.02630859375 0.02005859375
5 0.3546484375 0.580859375 0.027578125 0.0162890625
5 0.28634765625 0.62095703125 0.031328125 0.031328125