0 0.4443329775880469 0.66867 0.03629669156883671 0.02523
0 0.480042689434365 0.6335700000000001 0.02576307363927428 0.02523
5 0.5145891141942369 0.60998 0.022241195304162218 0.0373
5 0.46599786552828176 0.51947 0.02576307363927428 0.02743
5 0.1650907150480256 0.75863 0.02576307363927428 0.02523
5 0.6375240128068304 0.32035 0.02927427961579509 0.01755
5 0.3910672358591249 0.48875 0.028100320170757736 0.02084
5 0.4238420490928495 0.4701 0.02576307363927428 0.02523
5 0.5116648879402348 0.57432 0.028100320170757736 0.02523
5 0.4168196371398079 0.6900700000000001 0.014055496264674493 0.01317
5 0.5748879402347918 0.30444 0.035122732123799356 0.02084
5 0.4765314834578442 0.48546 0.0327854855923159 0.03182
5 0.471846318036286 0.59956 0.03980789754535752 0.023039999999999998
5 0.4537033084311633 0.56555 0.02927427961579509 0.02084
0 0.44140875133404484 0.54525 0.030437566702241195 0.01317
0 0.43379935965848454 0.5205700000000001 0.03629669156883671 0.02962