3 0.65048828125 0.64734375 0.03453125 0.02408203125
3 0.33806640625 0.55943359375 0.03349609375 0.026171875
0 0.53169921875 0.3705078125 0.03349609375 0.029296875
3 0.607578125 0.32654296875 0.03453125 0.02720703125
0 0.46576171875 0.32341796875 0.029296875 0.0251171875
5 0.65728515625 0.55001953125 0.03767578125 0.026171875
5 0.7075390625 0.5337890625 0.03140625 0.02302734375
0 0.29306640625 0.5735546875 0.0251171875 0.029296875
0 0.53796875 0.28154296875 0.02720703125 0.02720703125
0 0.562578125 0.277890625 0.0198828125 0.02197265625
1 0.4325 0.94140625 0.02703125 0.02619140625