3 0.51185546875 0.21119140625 0.0309765625 0.02666015625
0 0.7157421875 0.24302734375 0.02408203125 0.01806640625
0 0.601328125 0.19484375 0.02751953125 0.01634765625
0 0.6426171875 0.24775390625 0.02236328125 0.02580078125
0 0.55443359375 0.2198046875 0.01806640625 0.02494140625
0 0.575078125 0.225390625 0.02150390625 0.02580078125
0 0.59703125 0.2352734375 0.01892578125 0.01806640625
0 0.489921875 0.44130859375 0.02666015625 0.02064453125
0 0.4503515625 0.3355078125 0.02150390625 0.02236328125
0 0.4112109375 0.383671875 0.02751953125 0.01892578125
0 0.46326171875 0.3703515625 0.02150390625 0.02150390625
5 0.61595703125 0.57939453125 0.01720703125 0.01978515625
0 0.57638671875 0.65853515625 0.0292578125 0.02666015625
0 0.339375 0.6094921875 0.02666015625 0.01806640625
0 0.35958984375 0.6426171875 0.02236328125 0.01892578125
0 0.59875 0.81595703125 0.02751953125 0.02150390625
0 0.5037890625 0.26650390625 0.01767578125 0.01359375
0 0.6662890625 0.26888671875 0.02583984375 0.02515625