5 0.1632404181184669 0.5928304239401496 0.027055749128919858 0.015137157107231921
5 0.16763066202090593 0.5599875311720699 0.028484320557491293 0.013753117206982543
5 0.2701045296167247 0.7731670822942643 0.025749128919860625 0.01486284289276808
5 0.12770034843205574 0.4662344139650873 0.0245993031358885 0.008940149625935163
0 0.7660452961672474 0.6250249376558603 0.03259581881533101 0.015211970074812967
5 0.598588850174216 0.20956359102244387 0.028484320557491293 0.018790523690773067
4 0.5376829268292683 0.1720448877805486 0.029790940766550526 0.010972568578553617
4 0.2378745644599303 0.6374812967581047 0.03299651567944251 0.015286783042394015
4 0.14914634146341463 0.30091022443890275 0.0245993031358885 0.02024937655860349
4 0.3934494773519164 0.17721945137157108 0.044564459930313584 0.024276807980049876
5 0.7550696864111499 0.5503740648379052 0.019825783972125435 0.010610972568578554
4 0.8410975609756098 0.6015211970074813 0.0378397212543554 0.026683291770573565
5 0.653205574912892 0.26973815461346634 0.027473867595818813 0.020760598503740648
4 0.35878048780487803 0.19231920199501248 0.03221254355400697 0.01645885286783042