0 0.5063346104725415 0.37194394213381554 0.023882503192848018 0.015289330922242314
0 0.6919540229885057 0.34329113924050636 0.024035759897828864 0.017585895117540686
0 0.5646232439335888 0.40201627486437613 0.02389527458492976 0.01430379746835443
0 0.5092975734355044 0.4150452079566004 0.020102171136653895 0.014376130198915009
0 0.4812388250319285 0.36442133815551536 0.022260536398467434 0.012459312839059674
0 0.33707535121328225 0.6944122965641952 0.023422733077905492 0.01682640144665461
0 0.27877394636015324 0.6702712477396022 0.023409961685823752 0.012857142857142857
5 0.5902171136653895 0.17074141048824593 0.024546615581098337 0.013300180831826403
0 0.5814687100893998 0.3097739602169982 0.022605363984674328 0.01170886075949367
4 0.413448275862069 0.332124773960217 0.03044699872286079 0.015144665461121157
4 0.27763729246487867 0.6887613019891501 0.019195402298850573 0.011636528028933092
0 0.2679310344827586 0.7172965641952984 0.019195402298850573 0.013698010849909584
0 0.5313793103448275 0.43857142857142856 0.023461047254150703 0.014077757685352622
4 0.3999489144316731 0.2089873417721519 0.04232439335887612 0.017965641952983728
0 0.43832694763729246 0.3984177215189873 0.023869731800766285 0.013236889692585895
0 0.4517624521072797 0.44792947558770346 0.02937420178799489 0.01599457504520796
4 0.6068326947637293 0.3778209764918626 0.015057471264367815 0.01178119349005425
0 0.5201021711366539 0.3139421338155516 0.02227330779054917 0.018508137432188064
4 0.413933588761175 0.6045931283905966 0.029476372924648785 0.019041591320072333
4 0.3681992337164751 0.6785895117540687 0.018326947637292465 0.012088607594936709