0 0.45309316770186336 0.56233 0.02796273291925466 0.019170000000000003
0 0.4691428571428572 0.5281399999999999 0.028993788819875778 0.01751
0 0.6011925465838509 0.65987 0.02796273291925466 0.01751
0 0.5100496894409937 0.72573 0.023813664596273293 0.019170000000000003
0 0.43186335403726706 0.6544500000000001 0.022782608695652174 0.02334
5 0.38940372670807455 0.58609 0.01657142857142857 0.015009999999999999
5 0.3873291925465839 0.49313 0.02693167701863354 0.01584
5 0.3080993788819876 0.48062 0.03003726708074534 0.019170000000000003
5 0.6265590062111801 0.7415700000000001 0.022782608695652174 0.01751
5 0.35212422360248447 0.60776 0.020708074534161493 0.01834
5 0.3619627329192546 0.55857 0.02175155279503106 0.02668
5 0.39561490683229816 0.5235599999999999 0.022782608695652174 0.02334
5 0.44377639751552794 0.47770999999999997 0.01760248447204969 0.01834
5 0.5582111801242237 0.5560700000000001 0.022782608695652174 0.015009999999999999
5 0.4955527950310559 0.58359 0.02796273291925466 0.01334
5 0.47018633540372673 0.7132200000000001 0.02485714285714286 0.01417
5 0.5084968944099378 0.54899 0.028993788819875778 0.01584
0 0.5462981366459627 0.589 0.025888198757763974 0.01417
5 0.4774285714285714 0.6161 0.031068322981366463 0.02001
5 0.4194409937888198 0.71781 0.020708074534161493 0.015009999999999999
5 0.43962732919254655 0.73907 0.02175155279503106 0.02418
5 0.530248447204969 0.75491 0.02693167701863354 0.027510000000000003
5 0.5934285714285714 0.50939 0.035217391304347825 0.030010000000000002
5 0.5369813664596274 0.49605 0.02175155279503106 0.01834
5 0.48675776397515524 0.6532 0.02693167701863354 0.02918
5 0.3490062111801242 0.5123 0.020708074534161493 0.022510000000000002
5 0.4116645962732919 0.69072 0.01346583850931677 0.01751