0 0.700068359375 0.60453125 0.011943359375 0.0139453125
0 0.63361328125 0.61419921875 0.01447265625 0.0140625
0 0.615703125 0.58994140625 0.017109375 0.016806640625
0 0.518134765625 0.41833984375 0.0178125 0.016806640625
0 0.492109375 0.40158203125 0.02068359375 0.0171484375
0 0.473466796875 0.412734375 0.01451171875 0.012001953125
0 0.6175390625 0.388076171875 0.013447265625 0.012119140625
0 0.379365234375 0.268564453125 0.012431640625 0.01552734375
0 0.45291015625 0.26865234375 0.016279296875 0.01359375
0 0.259306640625 0.66896484375 0.02833984375 0.031630859375
0 0.31861328125 0.672197265625 0.02431640625 0.02232421875
0 0.235673828125 0.6528515625 0.01544921875 0.016591796875
0 0.70642578125 0.71943359375 0.010078125 0.015185546875
0 0.59419921875 0.370732421875 0.01787109375 0.016728515625
0 0.555380859375 0.382333984375 0.01453125 0.014033203125
0 0.66521484375 0.254013671875 0.011875 0.012734375
0 0.2232421875 0.48013671875 0.0170703125 0.015478515625
0 0.3874609375 0.60865234375 0.013505859375 0.01162109375
0 0.39724609375 0.5862890625 0.0119140625 0.01087890625