1 0.26359375 0.491025390625 0.01640625 0.020341796875
2 0.339130859375 0.5816796875 0.017177734375 0.017509765625
1 0.4876953125 0.509814453125 0.0174609375 0.014072265625
5 0.646328125 0.66908203125 0.010908203125 0.012431640625
5 0.718427734375 0.658935546875 0.0124609375 0.013671875
1 0.7498828125 0.569169921875 0.013466796875 0.01265625
1 0.379306640625 0.64447265625 0.007939453125 0.0089453125
0 0.503125 0.3833984375 0.01439453125 0.011357421875
5 0.3404296875 0.63185546875 0.01431640625 0.0147265625
5 0.766201171875 0.739345703125 0.015556640625 0.015009765625
5 0.629501953125 0.81169921875 0.012548828125 0.012314453125
5 0.399072265625 0.841259765625 0.011689453125 0.01484375
5 0.433828125 0.79533203125 0.014912109375 0.012724609375
5 0.461162109375 0.861728515625 0.009755859375 0.011298828125
5 0.743134765625 0.680029296875 0.008583984375 0.0108984375
5 0.44140625 0.660556640625 0.014453125 0.010517578125
5 0.525673828125 0.570947265625 0.015673828125 0.013740234375
5 0.79125 0.40759765625 0.01115234375 0.013251953125
4 0.293369140625 0.546962890625 0.0168359375 0.013369140625