3 0.53470703125 0.398173828125 0.0197265625 0.020341796875
5 0.473056640625 0.337509765625 0.01435546875 0.015166015625
5 0.509521484375 0.31044921875 0.01951171875 0.016494140625
5 0.463046875 0.522041015625 0.014580078125 0.014619140625
5 0.51353515625 0.49134765625 0.016982421875 0.0166015625
0 0.559951171875 0.601904296875 0.016533203125 0.017705078125
3 0.521064453125 0.848193359375 0.020615234375 0.022314453125
3 0.47888671875 0.863974609375 0.018095703125 0.02263671875
5 0.53498046875 0.87546875 0.020283203125 0.018349609375
5 0.536298828125 0.9123828125 0.022041015625 0.02263671875
5 0.4751953125 0.7897265625 0.017763671875 0.01494140625
5 0.24373046875 0.6067578125 0.01451171875 0.0127734375
5 0.4625390625 0.894697265625 0.02259765625 0.017255859375
5 0.351904296875 0.84103515625 0.0147265625 0.018134765625
5 0.343017578125 0.817490234375 0.01498046875 0.01513671875
5 0.28583984375 0.694248046875 0.01560546875 0.015390625
5 0.3459375 0.637333984375 0.0216796875 0.01955078125
5 0.50939453125 0.94275390625 0.035419921875 0.037958984375
5 0.45517578125 0.8490234375 0.02208984375 0.021005859375
5 0.493447265625 0.33224609375 0.02197265625 0.020224609375