3 0.584384765625 0.66736328125 0.024833984375 0.025927734375
5 0.605283203125 0.7952734375 0.02462890625 0.021162109375
5 0.328115234375 0.591376953125 0.016953125 0.015947265625
5 0.7647265625 0.74982421875 0.01822265625 0.022724609375
5 0.3102734375 0.701123046875 0.015 0.016240234375
1 0.325927734375 0.326865234375 0.013798828125 0.01203125
5 0.562333984375 0.387001953125 0.018115234375 0.016689453125
5 0.292529296875 0.504306640625 0.008662109375 0.010283203125
5 0.301396484375 0.533935546875 0.012666015625 0.01279296875
3 0.3806640625 0.844482421875 0.02111328125 0.024345703125
1 0.503232421875 0.94298828125 0.012734375 0.012685546875
3 0.5572265625 0.90185546875 0.023701171875 0.018291015625
2 0.6099609375 0.9380078125 0.021181640625 0.01919921875
0 0.57267578125 0.84037109375 0.013408203125 0.014287109375