4 0.333408203125 0.630849609375 0.014091796875 0.0156640625
4 0.35046875 0.61845703125 0.016513671875 0.01697265625
0 0.39580078125 0.59080078125 0.01326171875 0.01123046875
5 0.458818359375 0.8506640625 0.012490234375 0.010458984375
5 0.571875 0.843916015625 0.0108203125 0.00869140625
5 0.638349609375 0.871669921875 0.012265625 0.010712890625
1 0.632841796875 0.247822265625 0.01416015625 0.011494140625
0 0.466748046875 0.726044921875 0.020126953125 0.014306640625
0 0.40947265625 0.5473046875 0.009541015625 0.008349609375
5 0.53837890625 0.86 0.01494140625 0.0123046875
5 0.2249609375 0.978759765625 0.015244140625 0.013857421875
5 0.48150390625 0.6970703125 0.0112890625 0.010146484375
5 0.556201171875 0.709677734375 0.013896484375 0.009404296875
5 0.358720703125 0.59431640625 0.0158984375 0.012177734375