2 0.735439453125 0.581552734375 0.016865234375 0.01974609375
2 0.545537109375 0.492412109375 0.016767578125 0.018505859375
5 0.61373046875 0.611064453125 0.013974609375 0.01640625
5 0.66146484375 0.609814453125 0.015908203125 0.0161328125
0 0.595703125 0.644462890625 0.0180078125 0.01640625
1 0.406435546875 0.6856640625 0.01666015625 0.017509765625
1 0.6112890625 0.35017578125 0.0116796875 0.012783203125
0 0.71853515625 0.333408203125 0.013984375 0.014580078125
0 0.738681640625 0.4252734375 0.0128125 0.013837890625
5 0.419599609375 0.291474609375 0.01859375 0.017021484375
5 0.648466796875 0.34875 0.013466796875 0.011416015625
3 0.588232421875 0.343095703125 0.012314453125 0.01109375
5 0.752744140625 0.731904296875 0.012177734375 0.016162109375
5 0.66248046875 0.801240234375 0.011875 0.011826171875
1 0.666552734375 0.66447265625 0.012197265625 0.012470703125