2 0.512587890625 0.696064453125 0.010517578125 0.01146484375
3 0.435068359375 0.561015625 0.019140625 0.01720703125
5 0.34236328125 0.53625 0.009814453125 0.010166015625
5 0.286357421875 0.589033203125 0.0124609375 0.0105859375
5 0.28916015625 0.5512109375 0.0085546875 0.008212890625
5 0.286318359375 0.536591796875 0.011689453125 0.0094921875
5 0.34029296875 0.674228515625 0.013125 0.010673828125
5 0.34380859375 0.6964453125 0.0086328125 0.01033203125
5 0.3182421875 0.713828125 0.0165234375 0.0145703125
5 0.36064453125 0.76763671875 0.0097265625 0.0095703125
5 0.394853515625 0.763271484375 0.00828125 0.008974609375
5 0.311884765625 0.783798828125 0.007197265625 0.0086328125
5 0.566611328125 0.6746484375 0.009853515625 0.0115234375
5 0.557119140625 0.641572265625 0.00849609375 0.00982421875
1 0.50189453125 0.398544921875 0.00767578125 0.0062109375
5 0.513623046875 0.444990234375 0.008251953125 0.008525390625
5 0.50884765625 0.4291015625 0.006923828125 0.00822265625
1 0.232373046875 0.54544921875 0.010869140625 0.0109765625
1 0.359990234375 0.6183984375 0.006396484375 0.0076171875
0 0.439169921875 0.88271484375 0.028974609375 0.029111328125
0 0.398037109375 0.62806640625 0.010341796875 0.009912109375
5 0.31912109375 0.618203125 0.016494140625 0.015400390625
5 0.39546875 0.581845703125 0.00759765625 0.008720703125