5 0.37189453125 0.859560546875 0.01146484375 0.01271484375
5 0.311943359375 0.686953125 0.02125 0.018916015625
3 0.554755859375 0.663818359375 0.016875 0.018173828125
0 0.64984375 0.69134765625 0.0209375 0.0187890625
0 0.46474609375 0.84076171875 0.010087890625 0.015693359375
0 0.517451171875 0.367216796875 0.01353515625 0.0149609375
0 0.53087890625 0.44078125 0.0176171875 0.012607421875
0 0.564716796875 0.216201171875 0.013037109375 0.013857421875
0 0.577646484375 0.291796875 0.01810546875 0.013603515625
0 0.5257421875 0.334736328125 0.01427734375 0.0143359375
0 0.426123046875 0.58130859375 0.010009765625 0.007861328125
0 0.449521484375 0.849775390625 0.01466796875 0.024287109375
5 0.4386328125 0.81087890625 0.013916015625 0.015
5 0.42228515625 0.803564453125 0.01240234375 0.012529296875
3 0.5421875 0.828740234375 0.014853515625 0.016328125