3 0.49505859375 0.47765625 0.0093359375 0.011123046875
5 0.698115234375 0.668212890625 0.013232421875 0.012802734375
1 0.76263671875 0.619091796875 0.0112890625 0.011376953125
5 0.78599609375 0.574951171875 0.0091796875 0.01015625
4 0.64998046875 0.590205078125 0.0178515625 0.013212890625
5 0.48705078125 0.387109375 0.014423828125 0.01392578125
5 0.539267578125 0.858740234375 0.015087890625 0.0130859375
5 0.685009765625 0.7974609375 0.010791015625 0.012978515625
4 0.7198828125 0.6859375 0.01126953125 0.0119140625
5 0.74763671875 0.754794921875 0.00677734375 0.0067578125
5 0.53373046875 0.64052734375 0.010302734375 0.0085546875
0 0.78865234375 0.614404296875 0.01365234375 0.010361328125
5 0.78541015625 0.630830078125 0.016494140625 0.014013671875
0 0.447060546875 0.444892578125 0.0095703125 0.009208984375