0 0.339482421875 0.805810546875 0.016064453125 0.014111328125
0 0.55361328125 0.443017578125 0.01640625 0.01197265625
0 0.51857421875 0.677880859375 0.01896484375 0.01505859375
1 0.6941015625 0.4443359375 0.0187109375 0.014609375
5 0.35052734375 0.66236328125 0.013056640625 0.0104296875
0 0.407578125 0.628544921875 0.01490234375 0.0146875
0 0.4432421875 0.871552734375 0.014033203125 0.012060546875
4 0.31845703125 0.683681640625 0.022890625 0.019306640625
4 0.375693359375 0.603154296875 0.01849609375 0.0152734375
4 0.3569140625 0.6025 0.017900390625 0.0139453125
4 0.35654296875 0.62017578125 0.01716796875 0.01556640625
4 0.321142578125 0.5844140625 0.018994140625 0.014462890625
5 0.4861328125 0.8406640625 0.024775390625 0.023642578125
0 0.38982421875 0.78427734375 0.01373046875 0.013583984375
0 0.51193359375 0.38005859375 0.017568359375 0.013740234375
4 0.321142578125 0.7248046875 0.018994140625 0.014990234375