3 0.4847265625 0.5416015625 0.021416015625 0.024033203125
4 0.5312109375 0.439736328125 0.011416015625 0.0465625
3 0.38279296875 0.806357421875 0.015341796875 0.0211328125
1 0.25509765625 0.84708984375 0.013173828125 0.01791015625
1 0.217919921875 0.7651953125 0.012734375 0.017802734375
0 0.273740234375 0.550966796875 0.009970703125 0.0117578125
5 0.603525390625 0.876240234375 0.011201171875 0.01234375
0 0.50806640625 0.800771484375 0.01056640625 0.009501953125
0 0.4629296875 0.8165625 0.00658203125 0.008486328125
5 0.348310546875 0.868505859375 0.009072265625 0.009072265625
5 0.405810546875 0.88591796875 0.00787109375 0.009921875
5 0.4122265625 0.865615234375 0.014580078125 0.014853515625
5 0.39056640625 0.837080078125 0.0086328125 0.010771484375
1 0.5701953125 0.567099609375 0.010830078125 0.0114453125
5 0.671708984375 0.696298828125 0.007705078125 0.00677734375
5 0.29291015625 0.749482421875 0.013681640625 0.0180078125
5 0.50759765625 0.771259765625 0.010439453125 0.0082421875
4 0.354775390625 0.75365234375 0.00822265625 0.0105859375
3 0.4955859375 0.653056640625 0.011953125 0.01369140625
1 0.631728515625 0.548388671875 0.007861328125 0.006484375
1 0.310947265625 0.506181640625 0.006826171875 0.006728515625