1 0.763984375 0.694365234375 0.017470703125 0.01810546875
3 0.6935546875 0.241640625 0.025029296875 0.020810546875
1 0.75828125 0.2470703125 0.024365234375 0.018095703125
3 0.788330078125 0.402099609375 0.027529296875 0.023173828125
3 0.426044921875 0.306318359375 0.02677734375 0.023623046875
3 0.6266796875 0.8232421875 0.025458984375 0.020595703125
3 0.387021484375 0.87447265625 0.0280078125 0.025908203125
0 0.323310546875 0.2356640625 0.026640625 0.024638671875
0 0.36267578125 0.29857421875 0.01794921875 0.012666015625
0 0.369619140625 0.28298828125 0.023056640625 0.015380859375
0 0.440908203125 0.351435546875 0.021923828125 0.01673828125
0 0.31607421875 0.636650390625 0.01625 0.01560546875
0 0.368603515625 0.804609375 0.0196484375 0.01720703125
0 0.374990234375 0.84583984375 0.01818359375 0.01607421875
5 0.58482421875 0.2433984375 0.021044921875 0.015263671875
3 0.48755859375 0.37798828125 0.025771484375 0.0246484375
5 0.389921875 0.38689453125 0.014404296875 0.012802734375
0 0.452021484375 0.33275390625 0.021064453125 0.015400390625
0 0.401015625 0.9014453125 0.024853515625 0.0204296875
0 0.374521484375 0.895576171875 0.01873046875 0.0204296875
5 0.59423828125 0.21794921875 0.028544921875 0.021923828125