2 0.390830078125 0.356591796875 0.023291015625 0.017099609375
2 0.381181640625 0.682490234375 0.018896484375 0.01724609375
1 0.339599609375 0.785341796875 0.0123046875 0.011181640625
5 0.19462890625 0.7016015625 0.0154296875 0.01818359375
5 0.2151953125 0.69029296875 0.0091796875 0.0133203125
5 0.390869140625 0.74814453125 0.011044921875 0.0139453125
5 0.4826171875 0.833603515625 0.016845703125 0.012255859375
1 0.40345703125 0.6585546875 0.009140625 0.009091796875
0 0.275693359375 0.59615234375 0.010859375 0.011201171875
0 0.26041015625 0.5933984375 0.01076171875 0.012470703125
1 0.426982421875 0.530205078125 0.013896484375 0.012998046875
5 0.439248046875 0.56298828125 0.0105078125 0.01087890625
5 0.425771484375 0.302578125 0.013154296875 0.01130859375
5 0.261787109375 0.799443359375 0.0228125 0.023466796875
5 0.408955078125 0.886650390625 0.010830078125 0.010869140625
5 0.397373046875 0.670615234375 0.00966796875 0.0103515625
4 0.236357421875 0.611171875 0.01833984375 0.02416015625
5 0.3405078125 0.56431640625 0.01482421875 0.017509765625