5 0.708984375 0.87947265625 0.017890625 0.01689453125
0 0.35994140625 0.660439453125 0.0187109375 0.01845703125
0 0.39359375 0.595576171875 0.018251953125 0.013349609375
0 0.317880859375 0.315439453125 0.0162890625 0.014345703125
5 0.786279296875 0.3924609375 0.01267578125 0.012978515625
5 0.738642578125 0.366728515625 0.0114453125 0.010009765625
5 0.7439453125 0.69615234375 0.00943359375 0.01005859375
5 0.714072265625 0.679033203125 0.011494140625 0.011044921875
5 0.349755859375 0.553642578125 0.0093359375 0.0107421875
1 0.31876953125 0.518330078125 0.006962890625 0.00697265625
5 0.3210546875 0.534384765625 0.006552734375 0.0059375
5 0.29728515625 0.62904296875 0.007109375 0.010078125
1 0.291982421875 0.43939453125 0.00646484375 0.00599609375