2 0.2901171875 0.778701171875 0.022705078125 0.021953125
3 0.143173828125 0.76111328125 0.01802734375 0.0169921875
3 0.658095703125 0.608759765625 0.018134765625 0.018193359375
1 0.656728515625 0.673955078125 0.01193359375 0.011728515625
3 0.456005859375 0.358017578125 0.017490234375 0.018515625
0 0.35673828125 0.34849609375 0.0210546875 0.01876953125
3 0.60451171875 0.34818359375 0.012880859375 0.013056640625
0 0.438291015625 0.605947265625 0.009482421875 0.012744140625
5 0.281416015625 0.547578125 0.014404296875 0.011435546875
4 0.264716796875 0.519423828125 0.03826171875 0.024794921875
4 0.610791015625 0.292529296875 0.013857421875 0.014658203125
4 0.42064453125 0.632197265625 0.016171875 0.012744140625
4 0.416533203125 0.59802734375 0.013662109375 0.01310546875
0 0.49029296875 0.228369140625 0.015908203125 0.014091796875
3 0.581220703125 0.903212890625 0.018984375 0.0229296875
0 0.602685546875 0.8546875 0.013935546875 0.0168359375