2 0.324931640625 0.658916015625 0.01830078125 0.017294921875
2 0.46662109375 0.291787109375 0.020927734375 0.01458984375
2 0.409892578125 0.2297265625 0.021103515625 0.01671875
1 0.489736328125 0.308583984375 0.01369140625 0.011064453125
5 0.624140625 0.380126953125 0.023466796875 0.016708984375
0 0.437509765625 0.566962890625 0.017861328125 0.01904296875
0 0.253203125 0.57861328125 0.01689453125 0.01078125
0 0.205615234375 0.560048828125 0.0136328125 0.0144921875
2 0.447724609375 0.973837890625 0.021572265625 0.015810546875
4 0.554921875 0.348466796875 0.01705078125 0.016533203125
1 0.61462890625 0.323955078125 0.01279296875 0.012080078125
4 0.23509765625 0.5812109375 0.0141015625 0.012275390625