1 0.6705859375 0.61650390625 0.0153515625 0.013984375
1 0.800263671875 0.66072265625 0.0180859375 0.015126953125
1 0.710068359375 0.784306640625 0.01615234375 0.018701171875
1 0.77291015625 0.685302734375 0.014189453125 0.0148046875
1 0.72837890625 0.52939453125 0.0137109375 0.015615234375
1 0.696064453125 0.4553125 0.0116015625 0.0107421875
1 0.385986328125 0.55935546875 0.018017578125 0.014306640625
1 0.34609375 0.5414453125 0.016396484375 0.0110546875
1 0.8412890625 0.701591796875 0.014169921875 0.014794921875
1 0.66716796875 0.317392578125 0.018935546875 0.016279296875
0 0.39298828125 0.362412109375 0.02029296875 0.01904296875
5 0.78501953125 0.7531640625 0.014677734375 0.011689453125
5 0.312646484375 0.63630859375 0.0108984375 0.01142578125
5 0.331181640625 0.585888671875 0.012783203125 0.01419921875
1 0.279140625 0.553701171875 0.0112890625 0.013193359375