0 0.296376953125 0.62912109375 0.016337890625 0.013388671875
5 0.490390625 0.302783203125 0.018330078125 0.01431640625
2 0.325205078125 0.23630859375 0.025537109375 0.0169140625
0 0.477568359375 0.329248046875 0.01609375 0.0115234375
0 0.46220703125 0.358212890625 0.017109375 0.013759765625
0 0.430498046875 0.366142578125 0.01552734375 0.012919921875
5 0.348701171875 0.359462890625 0.015693359375 0.016259765625
5 0.326318359375 0.311513671875 0.017734375 0.0169140625
1 0.41169921875 0.243876953125 0.01970703125 0.0134765625
5 0.328544921875 0.276376953125 0.01884765625 0.01533203125
2 0.32056640625 0.179267578125 0.01625 0.012353515625
5 0.562021484375 0.266298828125 0.016201171875 0.01375
5 0.295537109375 0.31638671875 0.0180078125 0.015517578125
5 0.374599609375 0.2469921875 0.014033203125 0.012265625