3 0.533037109375 0.421484375 0.019443359375 0.02212890625
3 0.555615234375 0.320302734375 0.020595703125 0.018955078125
5 0.69130859375 0.329208984375 0.014052734375 0.0170703125
5 0.3022265625 0.280537109375 0.018642578125 0.01681640625
0 0.576650390625 0.592724609375 0.014130859375 0.018544921875
0 0.49994140625 0.440224609375 0.014150390625 0.015458984375
0 0.464619140625 0.319580078125 0.016748046875 0.016689453125
0 0.4278125 0.21990234375 0.012431640625 0.009384765625
5 0.381181640625 0.376376953125 0.009931640625 0.012021484375
0 0.64693359375 0.702080078125 0.0126171875 0.0133984375
3 0.43060546875 0.85158203125 0.014072265625 0.014765625
0 0.508916015625 0.86171875 0.011630859375 0.013623046875
0 0.43060546875 0.7858203125 0.014072265625 0.013759765625
5 0.650322265625 0.25705078125 0.012998046875 0.0146484375