0 0.661025390625 0.415205078125 0.029921875 0.026728515625
3 0.3433203125 0.865390625 0.021259765625 0.018046875
5 0.270380859375 0.931416015625 0.017373046875 0.014619140625
5 0.15234375 0.9437890625 0.01576171875 0.015927734375
0 0.57533203125 0.848134765625 0.022841796875 0.026513671875
0 0.321015625 0.4041015625 0.023544921875 0.019033203125
0 0.416181640625 0.71583984375 0.017177734375 0.015947265625
5 0.5312109375 0.807509765625 0.01666015625 0.018212890625
5 0.57435546875 0.802216796875 0.011767578125 0.014150390625
1 0.576796875 0.777470703125 0.01013671875 0.01154296875
1 0.50619140625 0.80259765625 0.01369140625 0.01193359375
4 0.353603515625 0.76408203125 0.01619140625 0.020126953125