5 0.294326171875 0.65568359375 0.010927734375 0.014345703125
0 0.4501171875 0.438291015625 0.01265625 0.0084765625
0 0.5608984375 0.4562109375 0.0183203125 0.013271484375
0 0.54103515625 0.810791015625 0.012890625 0.012724609375
1 0.608310546875 0.619599609375 0.016640625 0.014130859375
1 0.70857421875 0.494658203125 0.0165234375 0.012568359375
1 0.403408203125 0.822509765625 0.015751953125 0.012158203125
1 0.281376953125 0.32921875 0.014248046875 0.013271484375
5 0.26341796875 0.3491796875 0.0176953125 0.016513671875
5 0.66345703125 0.3532421875 0.0164453125 0.014755859375
5 0.70927734375 0.3655859375 0.0179296875 0.015458984375
5 0.666171875 0.31376953125 0.01806640625 0.01623046875
5 0.64337890625 0.352001953125 0.0156640625 0.010869140625
4 0.655556640625 0.63580078125 0.02095703125 0.021103515625
5 0.72603515625 0.640029296875 0.0183984375 0.025341796875
3 0.4020703125 0.789033203125 0.015615234375 0.014345703125
4 0.337578125 0.67173828125 0.016162109375 0.013984375
5 0.292099609375 0.72783203125 0.015380859375 0.016103515625
5 0.2716796875 0.531025390625 0.01388671875 0.014765625