2 0.602216796875 0.667724609375 0.023525390625 0.0158203125
1 0.585615234375 0.2072265625 0.019228515625 0.01607421875
1 0.36478515625 0.75234375 0.016240234375 0.013681640625
1 0.375810546875 0.673349609375 0.01740234375 0.01099609375
1 0.68529296875 0.71302734375 0.014521484375 0.01359375
1 0.3990234375 0.36291015625 0.015625 0.01322265625
3 0.562353515625 0.785244140625 0.01931640625 0.0169921875
5 0.325185546875 0.621396484375 0.022216796875 0.024921875
5 0.415185546875 0.76123046875 0.0190234375 0.01359375
0 0.289970703125 0.37478515625 0.01765625 0.01197265625
3 0.63837890625 0.76845703125 0.015498046875 0.0119921875
3 0.62490234375 0.61697265625 0.017451171875 0.016083984375
5 0.673291015625 0.690087890625 0.015322265625 0.015908203125