0 0.6080078125 0.190908203125 0.023125 0.023994140625
3 0.63009765625 0.249375 0.019013671875 0.013740234375
3 0.602236328125 0.313935546875 0.015400390625 0.017802734375
5 0.5675 0.385009765625 0.01541015625 0.0175
0 0.3291796875 0.330439453125 0.010107421875 0.013740234375
0 0.583056640625 0.65447265625 0.017578125 0.015615234375
0 0.59623046875 0.79060546875 0.01728515625 0.0169140625
5 0.756025390625 0.5734765625 0.01609375 0.016923828125
3 0.398662109375 0.67017578125 0.01587890625 0.014609375
3 0.402783203125 0.826142578125 0.01486328125 0.019658203125
5 0.30884765625 0.7013671875 0.01458984375 0.014462890625
0 0.3734765625 0.793291015625 0.014150390625 0.0130078125
2 0.626259765625 0.94216796875 0.025234375 0.017783203125
2 0.5424609375 0.9580859375 0.016279296875 0.0148828125
3 0.630400390625 0.2361328125 0.011064453125 0.0109375
5 0.631201171875 0.77134765625 0.016923828125 0.018203125
4 0.320908203125 0.5918359375 0.0174609375 0.017783203125