1 0.30791015625 0.35833984375 0.0194921875 0.02306640625
3 0.1255859375 0.497509765625 0.025703125 0.022841796875
3 0.13115234375 0.457333984375 0.018701171875 0.016669921875
0 0.178427734375 0.39943359375 0.02095703125 0.021201171875
5 0.391748046875 0.2383203125 0.020703125 0.02203125
0 0.301640625 0.730263671875 0.01564453125 0.01736328125
0 0.214521484375 0.84169921875 0.0226171875 0.02095703125
0 0.369580078125 0.930498046875 0.018720703125 0.01837890625
0 0.22951171875 0.71533203125 0.024794921875 0.025341796875
0 0.15751953125 0.733994140625 0.0208203125 0.022763671875
5 0.464091796875 0.66880859375 0.016259765625 0.0128515625
5 0.29880859375 0.243115234375 0.016162109375 0.009775390625
5 0.19978515625 0.817890625 0.01263671875 0.015078125
5 0.59984375 0.290966796875 0.015830078125 0.017763671875
5 0.5812890625 0.308115234375 0.01484375 0.015927734375
5 0.560126953125 0.27431640625 0.01908203125 0.017197265625