1 0.3576953125 0.29939453125 0.014697265625 0.01609375
5 0.384111328125 0.200185546875 0.014541015625 0.01279296875
1 0.593349609375 0.29939453125 0.011484375 0.010078125
5 0.505810546875 0.378125 0.01345703125 0.012177734375
5 0.538701171875 0.528291015625 0.01541015625 0.017451171875
5 0.613818359375 0.609287109375 0.012685546875 0.012021484375
5 0.58951171875 0.646923828125 0.0146484375 0.015029296875
5 0.61111328125 0.635107421875 0.012080078125 0.013076171875
5 0.78158203125 0.660322265625 0.015810546875 0.01533203125
5 0.82380859375 0.60740234375 0.017158203125 0.014287109375
0 0.50671875 0.271689453125 0.02369140625 0.0173046875
5 0.390654296875 0.53638671875 0.014345703125 0.010703125
5 0.28900390625 0.615380859375 0.011865234375 0.009736328125