3 0.442568359375 0.290234375 0.0215625 0.01890625
3 0.51046875 0.2814453125 0.02140625 0.0133203125
3 0.516611328125 0.309423828125 0.022861328125 0.01607421875
3 0.378779296875 0.3384375 0.020341796875 0.017451171875
3 0.50763671875 0.37109375 0.0201953125 0.0123828125
3 0.564462890625 0.360625 0.018154296875 0.0171875
3 0.413974609375 0.370927734375 0.0169140625 0.01203125
5 0.459091796875 0.418818359375 0.015986328125 0.015126953125
5 0.388828125 0.27814453125 0.019140625 0.01529296875
5 0.598974609375 0.905166015625 0.01609375 0.012724609375
5 0.542490234375 0.909248046875 0.0174609375 0.012294921875
5 0.306201171875 0.514443359375 0.016123046875 0.0123828125