1 0.558740234375 0.352548828125 0.012763671875 0.016845703125
5 0.507431640625 0.345634765625 0.01232421875 0.011943359375
5 0.527734375 0.356103515625 0.009775390625 0.0100390625
5 0.638623046875 0.3219921875 0.0132421875 0.013740234375
5 0.304951171875 0.383447265625 0.010146484375 0.01140625
5 0.313623046875 0.371962890625 0.009716796875 0.0121484375
5 0.37025390625 0.362080078125 0.013828125 0.0118359375
5 0.335146484375 0.3131640625 0.0121484375 0.01130859375
5 0.324833984375 0.5541015625 0.0211328125 0.01595703125
5 0.311611328125 0.575419921875 0.01162109375 0.0103515625
5 0.615888671875 0.62068359375 0.014306640625 0.012890625
1 0.305634765625 0.75337890625 0.014052734375 0.015107421875
5 0.344931640625 0.771357421875 0.01478515625 0.01298828125
5 0.349794921875 0.787275390625 0.013515625 0.011826171875
5 0.542841796875 0.90021484375 0.013154296875 0.014677734375
5 0.3264453125 0.800732421875 0.0112109375 0.01130859375
5 0.47591796875 0.306650390625 0.0137109375 0.016376953125