3 0.632490234375 0.292373046875 0.01712890625 0.01595703125
0 0.512509765625 0.82052734375 0.01283203125 0.0085546875
0 0.437978515625 0.865087890625 0.01396484375 0.0122265625
5 0.560166015625 0.90544921875 0.016572265625 0.01697265625
5 0.22681640625 0.4061328125 0.01291015625 0.015546875
5 0.72146484375 0.625283203125 0.0155859375 0.015615234375
5 0.209140625 0.68962890625 0.01296875 0.012705078125
5 0.21751953125 0.559892578125 0.013857421875 0.0096484375
5 0.218466796875 0.718623046875 0.013310546875 0.0096484375
5 0.665869140625 0.81970703125 0.0155078125 0.015078125
5 0.637275390625 0.777373046875 0.015703125 0.011826171875
5 0.6360546875 0.87146484375 0.01814453125 0.014130859375
5 0.637880859375 0.565927734375 0.014482421875 0.0122265625
5 0.2725390625 0.298916015625 0.0164453125 0.011416015625
3 0.3416015625 0.299833984375 0.01537109375 0.0132421875
3 0.321083984375 0.260283203125 0.017060546875 0.014189453125
3 0.66400390625 0.311396484375 0.017880859375 0.013310546875
3 0.62703125 0.324833984375 0.017197265625 0.015751953125
0 0.551416015625 0.2758203125 0.013720703125 0.009990234375
5 0.63591796875 0.83109375 0.01298828125 0.009384765625
3 0.283330078125 0.43421875 0.01115234375 0.0106640625