5 0.14484375 0.859599609375 0.0197265625 0.018505859375
0 0.169873046875 0.737529296875 0.025283203125 0.0216015625
5 0.302861328125 0.89462890625 0.020927734375 0.022626953125
0 0.32572265625 0.884013671875 0.0205078125 0.021181640625
0 0.25794921875 0.759580078125 0.0201171875 0.022841796875
5 0.17369140625 0.60052734375 0.019716796875 0.0257421875
5 0.244248046875 0.56900390625 0.020732421875 0.02080078125
5 0.295234375 0.668828125 0.015576171875 0.02099609375
5 0.364560546875 0.599912109375 0.0190625 0.024921875
5 0.3054296875 0.571376953125 0.017841796875 0.02224609375
5 0.506708984375 0.397587890625 0.023154296875 0.0175
5 0.57056640625 0.344228515625 0.019013671875 0.0212109375
5 0.294208984375 0.392841796875 0.0217578125 0.0228515625
5 0.252490234375 0.424775390625 0.020732421875 0.020791015625
5 0.572626953125 0.27396484375 0.023134765625 0.0175
5 0.62546875 0.70126953125 0.018388671875 0.019951171875
5 0.6524609375 0.69787109375 0.01796875 0.0164453125