5 0.4170703125 0.87060546875 0.024375 0.020986328125
5 0.74302734375 0.605908203125 0.017587890625 0.016826171875
5 0.380859375 0.242333984375 0.021474609375 0.01576171875
1 0.45845703125 0.4526171875 0.015166015625 0.0121875
1 0.305146484375 0.348759765625 0.014375 0.013232421875
3 0.2757421875 0.66322265625 0.017294921875 0.025185546875
3 0.28404296875 0.600400390625 0.01599609375 0.012021484375
0 0.6045703125 0.277490234375 0.02453125 0.017978515625
0 0.660048828125 0.354814453125 0.013349609375 0.01259765625
0 0.61994140625 0.31564453125 0.013515625 0.0084765625
0 0.339716796875 0.292451171875 0.012529296875 0.013115234375
5 0.29751953125 0.59869140625 0.014443359375 0.01439453125
4 0.777705078125 0.51875 0.016943359375 0.011435546875
4 0.763349609375 0.698515625 0.014326171875 0.017236328125
5 0.429912109375 0.663310546875 0.006083984375 0.008310546875