1 0.70953125 0.839833984375 0.01638671875 0.01546875
1 0.786533203125 0.634736328125 0.017744140625 0.015908203125
1 0.7983203125 0.53029296875 0.01560546875 0.0158984375
1 0.822822265625 0.959140625 0.0148046875 0.013056640625
1 0.80818359375 0.8317578125 0.020869140625 0.0171484375
1 0.84037109375 0.813193359375 0.022578125 0.01572265625
5 0.66953125 0.662587890625 0.0231640625 0.018056640625
5 0.63046875 0.62544921875 0.017353515625 0.0151953125
5 0.63935546875 0.612333984375 0.014697265625 0.015732421875
5 0.643505859375 0.81662109375 0.014501953125 0.013681640625
5 0.66060546875 0.788193359375 0.021376953125 0.01751953125
5 0.60123046875 0.686376953125 0.0151171875 0.013857421875