2 0.60158203125 0.660166015625 0.02005859375 0.020166015625
2 0.479619140625 0.83126953125 0.025029296875 0.0261328125
1 0.337578125 0.58775390625 0.01455078125 0.01873046875
1 0.693466796875 0.57951171875 0.009326171875 0.01873046875
1 0.2766015625 0.566533203125 0.012919921875 0.015849609375
5 0.543671875 0.681884765625 0.015537109375 0.01578125
5 0.671474609375 0.243525390625 0.01912109375 0.024677734375
5 0.791240234375 0.69251953125 0.010712890625 0.011943359375
5 0.766083984375 0.559111328125 0.01044921875 0.012607421875
5 0.42025390625 0.5812109375 0.013359375 0.01048828125
0 0.458359375 0.330458984375 0.014462890625 0.01490234375
1 0.672705078125 0.8619140625 0.011611328125 0.00849609375
0 0.7083984375 0.840048828125 0.009423828125 0.009140625
0 0.721513671875 0.944228515625 0.007353515625 0.007744140625