1 0.309033203125 0.822822265625 0.013681640625 0.01787109375
0 0.399951171875 0.602744140625 0.01390625 0.01228515625
0 0.647822265625 0.33376953125 0.009306640625 0.01052734375
0 0.636845703125 0.3397265625 0.011484375 0.012568359375
5 0.664365234375 0.3681640625 0.01572265625 0.01158203125
5 0.63966796875 0.693193359375 0.01712890625 0.016806640625
5 0.5273046875 0.875703125 0.014638671875 0.01498046875
5 0.5747265625 0.835986328125 0.012958984375 0.01314453125
5 0.58947265625 0.814501953125 0.01451171875 0.01673828125
5 0.50896484375 0.45599609375 0.016044921875 0.013701171875
0 0.546220703125 0.3473046875 0.021982421875 0.016455078125
0 0.415400390625 0.630751953125 0.016875 0.0146875
5 0.43712890625 0.879052734375 0.017158203125 0.01462890625