0 0.5681640625 0.323017578125 0.02056640625 0.017490234375
0 0.51767578125 0.2512109375 0.019794921875 0.0216796875
0 0.39798828125 0.2531640625 0.0133984375 0.0193359375
5 0.319404296875 0.313544921875 0.01404296875 0.01607421875
0 0.596103515625 0.349716796875 0.016337890625 0.015791015625
5 0.688388671875 0.630224609375 0.018037109375 0.016904296875
1 0.416923828125 0.557587890625 0.01046875 0.009638671875
1 0.39076171875 0.5387109375 0.01455078125 0.011484375
5 0.289921875 0.586982421875 0.015810546875 0.013984375
1 0.1952734375 0.52255859375 0.014599609375 0.01283203125
5 0.292392578125 0.27728515625 0.015947265625 0.016396484375
0 0.612900390625 0.881083984375 0.012412109375 0.00880859375
1 0.358359375 0.95748046875 0.011796875 0.008759765625
5 0.544697265625 0.250595703125 0.01765625 0.0159375
5 0.393818359375 0.5868359375 0.01607421875 0.0147265625
0 0.489697265625 0.2169140625 0.01638671875 0.0165234375