1 0.396982421875 0.23689453125 0.01560546875 0.017578125
5 0.55771484375 0.280498046875 0.01451171875 0.01166015625
5 0.23794921875 0.571201171875 0.017548828125 0.01314453125
5 0.279677734375 0.609580078125 0.0159375 0.0151171875
5 0.30677734375 0.60189453125 0.016787109375 0.01525390625
5 0.20873046875 0.4947265625 0.0124609375 0.011162109375
5 0.216181640625 0.468271484375 0.01591796875 0.013271484375
5 0.232197265625 0.427568359375 0.014931640625 0.01087890625
5 0.324873046875 0.71890625 0.01869140625 0.0136328125
5 0.1940625 0.589296875 0.013583984375 0.011240234375
5 0.2733984375 0.39666015625 0.01861328125 0.016796875
5 0.553447265625 0.585556640625 0.01740234375 0.0136328125
5 0.577119140625 0.560869140625 0.01521484375 0.0122265625
5 0.57302734375 0.577197265625 0.012109375 0.01384765625