5 0.590185546875 0.822890625 0.016435546875 0.01853515625
0 0.399150390625 0.576513671875 0.02904296875 0.021435546875
5 0.462578125 0.71056640625 0.020263671875 0.018271484375
5 0.578759765625 0.349951171875 0.016435546875 0.01748046875
5 0.60609375 0.29021484375 0.013193359375 0.016875
1 0.450654296875 0.291455078125 0.019794921875 0.0151171875
0 0.347802734375 0.370390625 0.0157421875 0.01705078125
5 0.377626953125 0.32818359375 0.014013671875 0.01529296875
1 0.5727734375 0.498916015625 0.013505859375 0.013564453125
5 0.25865234375 0.724716796875 0.01404296875 0.012998046875
5 0.703955078125 0.639365234375 0.0141015625 0.017646484375
5 0.353125 0.678203125 0.0176171875 0.015166015625