5 0.21921875 0.728486328125 0.01875 0.018486328125
0 0.356630859375 0.86744140625 0.01990234375 0.020009765625
5 0.479638671875 0.846435546875 0.019375 0.021357421875
5 0.36560546875 0.623974609375 0.01888671875 0.020791015625
5 0.2777734375 0.814248046875 0.01400390625 0.01197265625
0 0.523671875 0.346572265625 0.019970703125 0.015595703125
0 0.502392578125 0.36892578125 0.015693359375 0.016416015625
0 0.55357421875 0.4062109375 0.021708984375 0.02353515625
0 0.613525390625 0.28294921875 0.01955078125 0.01576171875
0 0.574990234375 0.280263671875 0.01634765625 0.01576171875
0 0.486796875 0.322744140625 0.013427734375 0.015048828125