2 0.383515625 0.664599609375 0.02400390625 0.020791015625
3 0.616826171875 0.220361328125 0.020869140625 0.019072265625
0 0.487958984375 0.266728515625 0.016982421875 0.021162109375
0 0.563876953125 0.24673828125 0.01552734375 0.015791015625
0 0.559140625 0.214794921875 0.02087890625 0.01783203125
1 0.591171875 0.61150390625 0.012431640625 0.01349609375
1 0.410986328125 0.8112109375 0.012109375 0.01322265625
5 0.34384765625 0.745908203125 0.016015625 0.01673828125
0 0.617724609375 0.98998046875 0.021884765625 0.019892578125
0 0.630263671875 0.63005859375 0.017138671875 0.01806640625
1 0.573251953125 0.267001953125 0.015029296875 0.01384765625
3 0.48232421875 0.519345703125 0.01625 0.01638671875
1 0.562744140625 0.663232421875 0.00955078125 0.012509765625
1 0.57775390625 0.659951171875 0.009130859375 0.008486328125
1 0.378447265625 0.825869140625 0.007470703125 0.0098828125
3 0.608388671875 0.749072265625 0.01310546875 0.01091796875
5 0.841650390625 0.694140625 0.010537109375 0.0131640625