3 0.422353515625 0.330517578125 0.01513671875 0.013671875
1 0.472666015625 0.2750390625 0.014873046875 0.013896484375
3 0.480634765625 0.252509765625 0.019501953125 0.017744140625
5 0.45857421875 0.341376953125 0.01345703125 0.013779296875
0 0.539765625 0.383857421875 0.01318359375 0.016376953125
4 0.504443359375 0.424423828125 0.015634765625 0.016181640625
4 0.760888671875 0.57783203125 0.014814453125 0.018271484375
1 0.757353515625 0.489853515625 0.011591796875 0.01396484375
1 0.749794921875 0.464013671875 0.009404296875 0.010498046875
2 0.683232421875 0.688974609375 0.01662109375 0.018212890625
2 0.752685546875 0.768447265625 0.01318359375 0.019501953125
5 0.38568359375 0.571767578125 0.019375 0.014560546875
2 0.355234375 0.583603515625 0.01322265625 0.01552734375
2 0.33306640625 0.573818359375 0.019248046875 0.0200390625
5 0.667568359375 0.7412109375 0.0082421875 0.00978515625
1 0.6426953125 0.91306640625 0.0117578125 0.011025390625
0 0.614482421875 0.27875 0.0112109375 0.009140625
5 0.552822265625 0.3353515625 0.01328125 0.01337890625
4 0.548251953125 0.2986328125 0.020556640625 0.016806640625
4 0.662001953125 0.86271484375 0.0122265625 0.011962890625
5 0.388759765625 0.772763671875 0.011259765625 0.009853515625
3 0.43494140625 0.634794921875 0.01068359375 0.01208984375
3 0.40115234375 0.60947265625 0.008544921875 0.008291015625
2 0.30205078125 0.657021484375 0.0083203125 0.01453125