3 0.52193359375 0.821103515625 0.024375 0.016533203125
3 0.3409765625 0.72421875 0.016416015625 0.013515625
3 0.418876953125 0.645634765625 0.01767578125 0.014833984375
3 0.509501953125 0.898662109375 0.0140234375 0.01462890625
5 0.200380859375 0.69853515625 0.009931640625 0.012041015625
5 0.23380859375 0.73294921875 0.012060546875 0.011904296875
5 0.2334765625 0.752802734375 0.012724609375 0.0105078125
5 0.218505859375 0.755517578125 0.0118359375 0.012998046875
5 0.228232421875 0.6596875 0.011474609375 0.0091796875
0 0.50384765625 0.847705078125 0.010654296875 0.00955078125
3 0.4419921875 0.658623046875 0.01107421875 0.009990234375
5 0.295009765625 0.71005859375 0.012958984375 0.01013671875