2 0.350849609375 0.260322265625 0.0215234375 0.0152734375
1 0.27650390625 0.359990234375 0.02025390625 0.01748046875
5 0.228828125 0.33416015625 0.027763671875 0.024111328125
0 0.192841796875 0.42943359375 0.014052734375 0.015810546875
4 0.240615234375 0.42814453125 0.017041015625 0.01837890625
1 0.315283203125 0.561357421875 0.0241015625 0.022109375
4 0.2641796875 0.41625 0.021328125 0.018583984375
1 0.509931640625 0.460830078125 0.013984375 0.015185546875
1 0.427548828125 0.2650390625 0.0137890625 0.014423828125
1 0.66326171875 0.58587890625 0.01041015625 0.010966796875
1 0.59041015625 0.550263671875 0.011630859375 0.014404296875
1 0.601845703125 0.59611328125 0.01283203125 0.01458984375
0 0.340302734375 0.497705078125 0.0136328125 0.014072265625
1 0.582509765625 0.336474609375 0.01388671875 0.014384765625
4 0.219716796875 0.4244140625 0.01943359375 0.022109375