3 0.375380859375 0.72822265625 0.016943359375 0.01779296875
5 0.30734375 0.64302734375 0.01568359375 0.015908203125
1 0.2757421875 0.60490234375 0.00923828125 0.010224609375
5 0.663583984375 0.561171875 0.011796875 0.010869140625
1 0.264560546875 0.489765625 0.008642578125 0.009609375
0 0.38568359375 0.281181640625 0.011337890625 0.01216796875
1 0.407275390625 0.662109375 0.008984375 0.008818359375
0 0.472109375 0.894423828125 0.0129296875 0.0121484375
5 0.291474609375 0.859267578125 0.01296875 0.013115234375
5 0.72060546875 0.547548828125 0.01201171875 0.0103515625
1 0.4494921875 0.52234375 0.00806640625 0.0082421875
1 0.592666015625 0.563935546875 0.01431640625 0.013994140625