5 0.715966796875 0.673681640625 0.013125 0.010400390625
5 0.66396484375 0.6222265625 0.015361328125 0.011962890625
5 0.647138671875 0.573115234375 0.011015625 0.01005859375
5 0.7192578125 0.60224609375 0.016044921875 0.0140625
5 0.742666015625 0.60546875 0.01041015625 0.013720703125
0 0.41748046875 0.696416015625 0.015712890625 0.013779296875
5 0.621865234375 0.9708203125 0.015419921875 0.014462890625
5 0.509072265625 0.261640625 0.015732421875 0.013916015625
5 0.755791015625 0.559345703125 0.0121875 0.008291015625
5 0.7275390625 0.53326171875 0.01306640625 0.010390625
5 0.76671875 0.496865234375 0.01205078125 0.013583984375
5 0.64072265625 0.655712890625 0.01162109375 0.009716796875