5 0.68595703125 0.717978515625 0.0191015625 0.017958984375
5 0.683388671875 0.74388671875 0.018310546875 0.0155078125
5 0.6646875 0.5850390625 0.022158203125 0.02130859375
5 0.704462890625 0.614404296875 0.023544921875 0.02576171875
5 0.48126953125 0.470400390625 0.017900390625 0.015654296875
5 0.417919921875 0.555029296875 0.020146484375 0.01595703125
5 0.282861328125 0.5932421875 0.0176953125 0.017431640625
5 0.268095703125 0.52197265625 0.013154296875 0.0123046875
5 0.657568359375 0.3080859375 0.01943359375 0.01994140625
4 0.504765625 0.281923828125 0.01203125 0.010712890625
0 0.425126953125 0.8409375 0.012626953125 0.0140625
5 0.616875 0.87544921875 0.0118359375 0.0170703125
5 0.397900390625 0.816240234375 0.012421875 0.0101171875
5 0.355263671875 0.818271484375 0.013681640625 0.012724609375