0 0.41830078125 0.74794921875 0.0148046875 0.01578125
5 0.3055078125 0.766064453125 0.01689453125 0.0140625
1 0.367568359375 0.529716796875 0.00908203125 0.0098828125
1 0.346083984375 0.528515625 0.008740234375 0.01
1 0.2689453125 0.5376953125 0.01369140625 0.013310546875
1 0.262734375 0.574140625 0.011298828125 0.012236328125
1 0.250478515625 0.544306640625 0.011865234375 0.011484375
1 0.490751953125 0.4780078125 0.0134765625 0.013046875
1 0.3926171875 0.501630859375 0.010283203125 0.011396484375
1 0.303369140625 0.481630859375 0.009814453125 0.01150390625
0 0.360068359375 0.512431640625 0.010390625 0.0091796875
5 0.62435546875 0.538359375 0.011142578125 0.01087890625
5 0.57984375 0.538583984375 0.012392578125 0.01384765625
0 0.616240234375 0.512060546875 0.013701171875 0.0121875
5 0.513505859375 0.591240234375 0.015517578125 0.011259765625
0 0.537236328125 0.570458984375 0.01541015625 0.011611328125
5 0.5379296875 0.48662109375 0.01029296875 0.00908203125