2 0.53798828125 0.545908203125 0.022451171875 0.014462890625
2 0.45462890625 0.503857421875 0.0175390625 0.019208984375
1 0.73564453125 0.744580078125 0.017998046875 0.01521484375
2 0.420625 0.870361328125 0.01775390625 0.01611328125
1 0.606962890625 0.663056640625 0.01287109375 0.0123828125
0 0.775380859375 0.6515625 0.017861328125 0.0209765625
5 0.708173828125 0.339619140625 0.013818359375 0.01751953125
0 0.60076171875 0.767900390625 0.019501953125 0.0190234375
0 0.43357421875 0.891875 0.013505859375 0.016318359375
5 0.4909765625 0.8975390625 0.01408203125 0.016533203125
1 0.779970703125 0.734228515625 0.011201171875 0.010537109375
5 0.608828125 0.64671875 0.011982421875 0.01044921875
5 0.7069140625 0.7330078125 0.01146484375 0.009619140625
4 0.67212890625 0.720263671875 0.014267578125 0.015458984375
5 0.810830078125 0.562646484375 0.011865234375 0.013505859375
3 0.5701171875 0.903193359375 0.015419921875 0.015126953125