3 0.6433203125 0.635712890625 0.0337109375 0.03146484375
1 0.58296875 0.6291015625 0.011806640625 0.01181640625
5 0.633359375 0.806923828125 0.01087890625 0.014892578125
1 0.55720703125 0.8325390625 0.009091796875 0.010517578125
5 0.670498046875 0.779853515625 0.010576171875 0.012294921875
3 0.4040625 0.80689453125 0.013330078125 0.016181640625
0 0.69419921875 0.405185546875 0.01865234375 0.01826171875
0 0.448623046875 0.326259765625 0.01296875 0.010947265625
0 0.65361328125 0.224130859375 0.014765625 0.015517578125
3 0.550546875 0.885380859375 0.017470703125 0.015859375
3 0.576376953125 0.878662109375 0.01759765625 0.015732421875
0 0.402763671875 0.89986328125 0.01345703125 0.016357421875
1 0.66880859375 0.4297265625 0.01126953125 0.0101953125
3 0.711923828125 0.449072265625 0.014033203125 0.011796875
5 0.665205078125 0.815 0.007861328125 0.010224609375
1 0.5771484375 0.772841796875 0.007939453125 0.009150390625