0 0.423359375 0.6056640625 0.018330078125 0.01994140625
0 0.341650390625 0.333125 0.0182421875 0.016005859375
0 0.4403125 0.296669921875 0.015927734375 0.01240234375
0 0.272998046875 0.586806640625 0.014560546875 0.02015625
0 0.370712890625 0.37861328125 0.018623046875 0.01955078125
5 0.399736328125 0.311552734375 0.020576171875 0.015751953125
5 0.256337890625 0.443095703125 0.013515625 0.015439453125
5 0.238212890625 0.5480078125 0.015234375 0.016435546875
5 0.463984375 0.54330078125 0.007216796875 0.009775390625
4 0.52669921875 0.235087890625 0.0138671875 0.010654296875
0 0.449521484375 0.57119140625 0.01103515625 0.01095703125