0 0.60728515625 0.65466796875 0.0265234375 0.031474609375
3 0.37826171875 0.659833984375 0.021474609375 0.02302734375
3 0.322177734375 0.895986328125 0.017861328125 0.021455078125
1 0.341494140625 0.494638671875 0.012646484375 0.01119140625
4 0.357080078125 0.568759765625 0.0151171875 0.017373046875
4 0.377255859375 0.56263671875 0.01966796875 0.01501953125
5 0.332080078125 0.253017578125 0.0206640625 0.016552734375
5 0.33328125 0.2734375 0.0142578125 0.012509765625
5 0.324296875 0.294189453125 0.013017578125 0.01263671875
5 0.281611328125 0.33076171875 0.010380859375 0.0083203125
5 0.2790625 0.425263671875 0.018642578125 0.02419921875