1 0.68892578125 0.50970703125 0.013837890625 0.01263671875
5 0.36830078125 0.543876953125 0.0128125 0.0144921875
5 0.33396484375 0.783740234375 0.01453125 0.019599609375
5 0.377373046875 0.81537109375 0.016611328125 0.012080078125
5 0.40849609375 0.79138671875 0.01365234375 0.01142578125
5 0.318427734375 0.798828125 0.014765625 0.011962890625
1 0.239013671875 0.700361328125 0.012392578125 0.014521484375
1 0.6792578125 0.687607421875 0.011455078125 0.0137890625
5 0.643818359375 0.788232421875 0.013583984375 0.0129296875
5 0.6760546875 0.7928515625 0.01548828125 0.01435546875
5 0.57564453125 0.2919140625 0.014599609375 0.013203125
1 0.585712890625 0.522568359375 0.012958984375 0.01291015625