3 0.3344140625 0.726982421875 0.02279296875 0.01916015625
3 0.404345703125 0.6939453125 0.01791015625 0.0143359375
3 0.385576171875 0.85287109375 0.026767578125 0.020400390625
1 0.418095703125 0.894462890625 0.01572265625 0.01822265625
3 0.319990234375 0.821533203125 0.016220703125 0.01896484375
3 0.5409765625 0.84494140625 0.018427734375 0.014716796875
3 0.33712890625 0.81740234375 0.01408203125 0.01244140625
5 0.5662109375 0.703740234375 0.012353515625 0.0125390625
3 0.26919921875 0.637431640625 0.016279296875 0.01615234375
0 0.320791015625 0.583505859375 0.0194140625 0.014384765625
0 0.37294921875 0.869453125 0.01248046875 0.013095703125
1 0.5442578125 0.535185546875 0.01154296875 0.011337890625
4 0.547255859375 0.218173828125 0.015537109375 0.012060546875
0 0.4329296875 0.21724609375 0.016435546875 0.01119140625
0 0.34451171875 0.2625390625 0.012255859375 0.00896484375
0 0.329111328125 0.2549609375 0.010400390625 0.007783203125
0 0.3657421875 0.23306640625 0.00880859375 0.008916015625
0 0.4566796875 0.30974609375 0.012041015625 0.012568359375
0 0.40646484375 0.312373046875 0.015390625 0.011845703125
0 0.560185546875 0.378759765625 0.01244140625 0.01228515625
1 0.679306640625 0.65283203125 0.0101171875 0.01150390625