3 0.617509765625 0.808974609375 0.01603515625 0.020537109375
3 0.60951171875 0.7700390625 0.014697265625 0.013056640625
5 0.293818359375 0.732265625 0.01400390625 0.015244140625
5 0.3286328125 0.64669921875 0.018984375 0.019443359375
5 0.2986328125 0.676708984375 0.012880859375 0.013017578125
5 0.349951171875 0.559287109375 0.013974609375 0.017626953125
1 0.264326171875 0.50625 0.01197265625 0.013115234375
5 0.44763671875 0.538994140625 0.01580078125 0.01716796875
0 0.650224609375 0.586103515625 0.02275390625 0.017353515625
5 0.544033203125 0.533564453125 0.01095703125 0.01005859375
0 0.420849609375 0.3472265625 0.014970703125 0.01326171875
5 0.31091796875 0.765234375 0.010625 0.012373046875
5 0.349833984375 0.6446875 0.015888671875 0.017275390625
5 0.290498046875 0.628408203125 0.012353515625 0.013642578125
5 0.2793359375 0.66677734375 0.0116015625 0.01419921875