1 0.884658203125 0.95962890625 0.018095703125 0.0158203125
1 0.8582421875 0.87671875 0.01892578125 0.0208203125
1 0.916181640625 0.8757421875 0.012626953125 0.0114453125
1 0.3892578125 0.57365234375 0.011591796875 0.010693359375
1 0.57091796875 0.860888671875 0.012275390625 0.007734375
1 0.730107421875 0.560048828125 0.011474609375 0.009482421875
1 0.514609375 0.382861328125 0.01162109375 0.00791015625
1 0.570869140625 0.39822265625 0.010517578125 0.008935546875
1 0.614833984375 0.42240234375 0.009873046875 0.0090234375
1 0.662333984375 0.764990234375 0.009609375 0.0090234375
0 0.6451953125 0.23900390625 0.010439453125 0.009853515625
0 0.64208984375 0.257529296875 0.009228515625 0.007900390625
0 0.5651171875 0.3300390625 0.0090234375 0.009951171875
1 0.750908203125 0.954892578125 0.01630859375 0.0119140625
5 0.6589453125 0.610927734375 0.014521484375 0.014677734375
5 0.3813671875 0.633857421875 0.01251953125 0.012265625
5 0.786005859375 0.589521484375 0.01296875 0.0090234375
5 0.82337890625 0.6009375 0.01251953125 0.009580078125
1 0.463076171875 0.490556640625 0.008818359375 0.009755859375
5 0.493115234375 0.682685546875 0.01375 0.0115234375