5 0.358984375 0.281142578125 0.012275390625 0.013984375
5 0.3368359375 0.306171875 0.013154296875 0.015205078125
5 0.7758203125 0.201845703125 0.013173828125 0.01140625
5 0.34517578125 0.320146484375 0.012744140625 0.00923828125
5 0.83046875 0.5305859375 0.013798828125 0.010869140625
5 0.831455078125 0.508701171875 0.014541015625 0.011884765625
5 0.659501953125 0.5434375 0.013759765625 0.01080078125
5 0.73212890625 0.62921875 0.0137109375 0.011416015625
5 0.752421875 0.572265625 0.015205078125 0.014189453125
5 0.68419921875 0.62029296875 0.011865234375 0.00849609375
5 0.594169921875 0.627998046875 0.010087890625 0.00896484375