2 0.279404296875 0.2796484375 0.023291015625 0.02908203125
0 0.299970703125 0.33984375 0.01623046875 0.017421875
0 0.23021484375 0.4233984375 0.01947265625 0.023935546875
0 0.57794921875 0.2860546875 0.029716796875 0.027626953125
0 0.46390625 0.511943359375 0.019326171875 0.026806640625
5 0.273935546875 0.580654296875 0.021259765625 0.0208203125
5 0.235400390625 0.709873046875 0.015576171875 0.018720703125
0 0.64998046875 0.6062109375 0.020322265625 0.018388671875
0 0.74318359375 0.6219921875 0.013994140625 0.016044921875
0 0.69232421875 0.59349609375 0.013251953125 0.012626953125
0 0.75666015625 0.543779296875 0.012099609375 0.014033203125
0 0.69623046875 0.538037109375 0.01177734375 0.01181640625
4 0.677333984375 0.82056640625 0.016884765625 0.015859375
1 0.361474609375 0.623310546875 0.0126953125 0.01228515625
5 0.28412109375 0.68703125 0.01681640625 0.013798828125
1 0.651162109375 0.6544140625 0.012109375 0.014052734375
1 0.751376953125 0.603779296875 0.013349609375 0.013505859375
5 0.72822265625 0.538564453125 0.01232421875 0.01322265625
0 0.733291015625 0.27451171875 0.01453125 0.01248046875