4 0.5074045801526718 0.38621572212065813 0.02648854961832061 0.016343692870201095
5 0.4743765903307888 0.2357038391224863 0.027226463104325697 0.016014625228519194
5 0.5036895674300255 0.12010968921389398 0.01905852417302799 0.01303473491773309
5 0.489058524173028 0.08828153564899452 0.02455470737913486 0.013345521023765995
5 0.11648854961832061 0.5185557586837294 0.027455470737913483 0.01654478976234004
5 0.1691094147582697 0.5272577696526509 0.023155216284987276 0.012595978062157221
5 0.25297709923664125 0.5055027422303473 0.030585241730279898 0.013875685557586837
4 0.2879389312977099 0.23020109689213894 0.023027989821882953 0.01356489945155393
4 0.45997455470737914 0.17385740402193783 0.04117048346055979 0.024552102376599633
5 0.31651399491094145 0.4917184643510055 0.023206106870229004 0.01393053016453382
0 0.7570737913486004 0.5604570383912248 0.023791348600508903 0.0146617915904936
5 0.5906106870229008 0.21840950639853748 0.02743002544529262 0.016453382084095063