0 0.40555555555555556 0.2280161943319838 0.024985754985754983 0.017753036437246964
4 0.21444444444444444 0.18712550607287448 0.026125356125356124 0.014048582995951417
0 0.31435897435897436 0.5387651821862348 0.022763532763532764 0.014797570850202429
0 0.11977207977207976 0.5930364372469635 0.024415954415954417 0.014331983805668016
0 0.20527065527065527 0.673582995951417 0.01988603988603989 0.012854251012145749
0 0.22145299145299147 0.6674898785425102 0.020284900284900285 0.01174089068825911
5 0.36122507122507125 0.8586032388663967 0.02524216524216524 0.015263157894736841
0 0.2564957264957265 0.6988866396761133 0.024045584045584045 0.015445344129554655
0 0.7713675213675214 0.5689676113360324 0.02415954415954416 0.014251012145748988
5 0.17703703703703705 0.6734412955465587 0.0243019943019943 0.01811740890688259
0 0.13954415954415952 0.6345951417004049 0.0264957264957265 0.014331983805668016