3 0.6404918032786885 0.6221843003412969 0.0385096870342772 0.030352673492605235
3 0.6740387481371087 0.5060068259385665 0.03603576751117735 0.0350967007963595
5 0.44356184798807746 0.5923094425483504 0.04472429210134128 0.0350967007963595
3 0.4882861400894188 0.403094425483504 0.04472429210134128 0.037940841865756546
5 0.4447988077496274 0.44956769055745166 0.03976154992548435 0.0341410693970421
5 0.6094336810730253 0.7156086461888509 0.03354694485842027 0.019920364050056885
0 0.5764977645305513 0.7350511945392492 0.03478390461997019 0.02845278725824801
0 0.5299105812220566 0.6994880546075085 0.028569299552906113 0.016120591581342436
5 0.649806259314456 0.6549146757679181 0.042250372578241435 0.03129692832764505
0 0.5783606557377049 0.5335039817974971 0.0757973174366617 0.0350967007963595
0 0.8343517138599106 0.4770420932878271 0.024769001490312966 0.015472127417519908
5 0.5551117734724292 0.6553924914675768 0.029269746646795828 0.02149032992036405