0 0.54065 0.26530249110320286 0.031325 0.02290035587188612
3 0.51115 0.12056939501779361 0.03245 0.01587188612099644
4 0.49310000000000004 0.17209964412811388 0.028425 0.01905693950177936
0 0.43365000000000004 0.232135231316726 0.03375 0.017900355871886122
4 0.579025 0.22131672597864768 0.032575 0.01893238434163701
5 0.13655 0.5721886120996441 0.021625000000000002 0.013665480427046264
5 0.11109999999999999 0.23395017793594305 0.029300000000000003 0.023362989323843418
4 0.28735 0.6359074733096085 0.025675 0.016352313167259786
1 0.19242499999999998 0.6930604982206405 0.022925 0.014911032028469752
5 0.286425 0.6047864768683274 0.02075 0.013060498220640569
4 0.09300000000000001 0.46861209964412814 0.0189 0.013647686832740213
5 0.8615999999999999 0.6135231316725979 0.026675 0.02113879003558719
4 0.795975 0.6846085409252669 0.027325 0.017651245551601424
5 0.44630000000000003 0.8345195729537367 0.0265 0.01797153024911032
4 0.065525 0.5072241992882562 0.0298 0.016387900355871888
5 0.0795 0.5703380782918149 0.025225 0.01733096085409253
4 0.253625 0.6431316725978647 0.02145 0.018576512455516014
0 0.459525 0.4379181494661922 0.025924999999999997 0.017099644128113878