3 0.5226171875 0.33025390625 0.020859375 0.025498046875
3 0.7717578125 0.363857421875 0.018544921875 0.023173828125
3 0.7508984375 0.28564453125 0.020859375 0.0173828125
3 0.77001953125 0.281591796875 0.0173828125 0.020859375
5 0.329677734375 0.74568359375 0.022021484375 0.0243359375
3 0.388193359375 0.332578125 0.020859375 0.011591796875
5 0.347060546875 0.7717578125 0.019697265625 0.01390625
5 0.774658203125 0.611259765625 0.022021484375 0.0312890625
3 0.763642578125 0.55158203125 0.018544921875 0.018544921875
4 0.684296875 0.589423828125 0.015244140625 0.015380859375
0 0.588330078125 0.339423828125 0.0148828125 0.013232421875
0 0.695419921875 0.654013671875 0.02048828125 0.017529296875
0 0.73658203125 0.385087890625 0.008564453125 0.008427734375