1 0.7388183421516755 0.5960875 0.018747795414462084 0.012875000000000001
1 0.5730335097001764 0.5205125 0.018677248677248678 0.01265
5 0.46735449735449736 0.3942875 0.014391534391534391 0.0075875000000000005
1 0.16021164021164022 0.6837000000000001 0.01308641975308642 0.00945
5 0.18091710758377424 0.5933625 0.01472663139329806 0.0087375
5 0.7480246913580246 0.5415375 0.03670194003527336 0.0302375
5 0.6415167548500882 0.47995 0.02379188712522046 0.0145125
0 0.2744620811287478 0.18989999999999999 0.024444444444444442 0.0177375
5 0.3595238095238095 0.223775 0.019717813051146383 0.012525
1 0.5468606701940035 0.1931375 0.012874779541446208 0.009612500000000001
4 0.49698412698412703 0.2160125 0.03599647266313933 0.0165