5 0.348291015625 0.26814453125 0.026513671875 0.022900390625
5 0.3097265625 0.643544921875 0.021689453125 0.0241015625
5 0.27236328125 0.612216796875 0.019287109375 0.019287109375
5 0.233798828125 0.668251953125 0.014462890625 0.013251953125
5 0.225966796875 0.70259765625 0.02048828125 0.02892578125
5 0.45615234375 0.676689453125 0.0156640625 0.010849609375
5 0.39830078125 0.591123046875 0.018076171875 0.0156640625
5 0.611611328125 0.615224609375 0.018076171875 0.022900390625
5 0.33322265625 0.38263671875 0.0156640625 0.0156640625
5 0.412763671875 0.538701171875 0.02048828125 0.019287109375
5 0.514599609375 0.478447265625 0.019287109375 0.019287109375
3 0.708818359375 0.356796875 0.010009765625 0.01103515625