0 0.283349609375 0.330732421875 0.021455078125 0.01712890625
0 0.2966796875 0.647314453125 0.025263671875 0.023974609375
0 0.24458984375 0.58693359375 0.02470703125 0.0190234375
3 0.3329296875 0.73306640625 0.02455078125 0.01763671875
0 0.276630859375 0.757392578125 0.0184765625 0.015322265625
0 0.324970703125 0.78546875 0.020205078125 0.0286328125
3 0.327138671875 0.837939453125 0.018759765625 0.0177734375
3 0.312236328125 0.81478515625 0.028310546875 0.023564453125
5 0.37375 0.81673828125 0.018173828125 0.029794921875
0 0.385615234375 0.84279296875 0.011796875 0.018212890625
0 0.2651953125 0.832373046875 0.021083984375 0.021689453125
5 0.25802734375 0.741171875 0.0194921875 0.0130078125
5 0.216630859375 0.755576171875 0.021240234375 0.029072265625
0 0.245 0.794951171875 0.0166015625 0.014013671875
5 0.434033203125 0.35953125 0.020615234375 0.022138671875
0 0.23103515625 0.49654296875 0.01994140625 0.01591796875