3 0.776123046875 0.551923828125 0.030146484375 0.0273828125
3 0.749833984375 0.706572265625 0.029267578125 0.030048828125
0 0.7698828125 0.646181640625 0.0248046875 0.030498046875
0 0.745595703125 0.744892578125 0.024365234375 0.024697265625
0 0.710283203125 0.7738671875 0.030390625 0.020234375
5 0.799296875 0.61431640625 0.037275390625 0.0362890625
5 0.82994140625 0.792021484375 0.02724609375 0.02625
0 0.38095703125 0.600048828125 0.020654296875 0.020244140625
0 0.718583984375 0.594677734375 0.02580078125 0.019111328125
0 0.715615234375 0.65267578125 0.026650390625 0.026728515625
0 0.3894140625 0.857578125 0.0272265625 0.023330078125
1 0.545322265625 0.3452734375 0.025078125 0.028798828125
1 0.5982421875 0.7653515625 0.023447265625 0.02224609375