0 0.570126953125 0.6883203125 0.0278125 0.023173828125
0 0.554482421875 0.535947265625 0.019697265625 0.0173828125
0 0.4739453125 0.291435546875 0.0278125 0.019697265625
0 0.644873046875 0.379501953125 0.022021484375 0.022021484375
1 0.598515625 0.56259765625 0.0243359375 0.022021484375
1 0.400361328125 0.5463671875 0.0173828125 0.019697265625
1 0.386455078125 0.530732421875 0.015068359375 0.023173828125
5 0.71671875 0.396884765625 0.022021484375 0.015068359375
5 0.75958984375 0.44439453125 0.0243359375 0.026650390625
0 0.67306640625 0.527373046875 0.019462890625 0.014794921875
4 0.640810546875 0.60296875 0.01607421875 0.015322265625
1 0.3622265625 0.545869140625 0.016025390625 0.013828125
1 0.69041015625 0.619912109375 0.01529296875 0.014296875