0 0.3509375 0.288515625 0.049560546875 0.046181640625
3 0.4930859375 0.4280078125 0.034501953125 0.033330078125
0 0.38859375 0.35833984375 0.02591796875 0.019248046875
3 0.466865234375 0.367734375 0.0258984375 0.019248046875
0 0.586630859375 0.372041015625 0.021181640625 0.021591796875
3 0.38294921875 0.635458984375 0.02466796875 0.02236328125
0 0.527998046875 0.683291015625 0.017900390625 0.019072265625
0 0.44048828125 0.69087890625 0.027001953125 0.017978515625
0 0.233603515625 0.5810546875 0.022822265625 0.01376953125
0 0.252314453125 0.740751953125 0.02140625 0.02001953125
0 0.2491015625 0.80634765625 0.026259765625 0.029716796875
0 0.540986328125 0.354462890625 0.014541015625 0.018427734375
5 0.64625 0.350126953125 0.017138671875 0.03