5 0.5045733333333333 0.6065217391304348 0.04549333333333333 0.019962518740629685
0 0.41528 0.6183808095952024 0.03337333333333334 0.018988005997001497
0 0.5551466666666667 0.5072413793103449 0.08882666666666668 0.052796101949025495
5 0.35834666666666665 0.5704497751124438 0.037426666666666664 0.020614692653673165
5 0.39592 0.511304347826087 0.03164 0.021919040479760118
5 0.40864 0.5961994002998501 0.04089333333333334 0.02272863568215892
0 0.20070666666666667 0.29047976011994003 0.04064 0.018343328335832083
5 0.40518666666666664 0.6529835082458771 0.043879999999999995 0.029610194902548726
5 0.46442666666666665 0.6965742128935533 0.027786666666666668 0.018095952023988008
5 0.4176266666666667 0.5678710644677661 0.03364 0.022203898050974512
5 0.6593066666666667 0.49208395802098953 0.03968 0.026596701649175408