3 0.4853807106598985 0.5913751868460388 0.028087986463620984 0.020433482810164424
3 0.5247546531302877 0.681390134529148 0.03248730964467005 0.021868460388639762
3 0.4651776649746193 0.6907473841554559 0.0294077834179357 0.017548579970104634
0 0.5730795262267343 0.6396860986547085 0.022199661590524535 0.014529147982062781
0 0.5416243654822336 0.6203288490284006 0.02319796954314721 0.023019431988041853
0 0.36377326565143825 0.5720777279521675 0.03006768189509306 0.02446935724962631
5 0.375922165820643 0.6446636771300448 0.046531302876480544 0.029073243647234678
5 0.4571065989847715 0.6321375186846039 0.03412859560067682 0.02820627802690583
0 0.4780541455160744 0.5640059790732437 0.019949238578680202 0.017548579970104634
5 0.3464128595600677 0.4361285500747384 0.02404399323181049 0.019865470852017935
5 0.725668358714044 0.22715994020926755 0.030000000000000002 0.0201644245142003
0 0.5751269035532994 0.24745889387144995 0.026277495769881556 0.016980568011958144
0 0.6657529610829103 0.22736920777279523 0.027563451776649744 0.01828101644245142
5 0.7748054145516075 0.22535127055306425 0.02135363790186125 0.01656203288490284
5 0.3811336717428088 0.7843647234678625 0.023062605752961086 0.020433482810164424
5 0.5401522842639594 0.8607623318385651 0.022859560067681896 0.01883408071748879
0 0.6309475465313028 0.8510463378176383 0.027089678510998312 0.016681614349775786
5 0.4838409475465313 0.846576980568012 0.02629441624365482 0.01696562032884903
1 0.7126903553299492 0.6776083707025411 0.020761421319796955 0.01726457399103139
0 0.6766497461928933 0.25787742899850524 0.026869712351945855 0.021584454409566516
3 0.503824027072758 0.6576382660687593 0.0183248730964467 0.018340807174887893