0 0.36796875 0.4965181711606096 0.034234375 0.02996483001172333
3 0.5911562499999999 0.5708792497069167 0.029953125000000004 0.024607268464243843
3 0.558359375 0.5858616647127785 0.03565625 0.016049237983587337
5 0.826484375 0.22846424384525205 0.032796874999999996 0.018194607268464242
0 0.6639062499999999 0.4975849941383353 0.032796874999999996 0.02354044548651817
0 0.680296875 0.46012895662368114 0.037078125 0.025685814771395078
3 0.618265625 0.546271981242673 0.05846875 0.046014067995310666
5 0.50915625 0.6752168815943729 0.04278125 0.02996483001172333
5 0.40290625 0.5666002344665885 0.029953125000000004 0.020328253223915592
5 0.379375 0.5323681125439625 0.031375 0.024607268464243843
5 0.44925 0.586400937866354 0.034234375 0.021406799531066823
5 0.5397968750000001 0.5527549824150059 0.038546875 0.024747948417350528
5 0.47992187499999994 0.5489449003516998 0.032796874999999996 0.025685814771395078
3 0.59615625 0.6206447831184055 0.045640625000000004 0.04922626025791325
1 0.8888281250000001 0.7852051582649472 0.015375 0.010363423212192262
1 0.459046875 0.6136811254396248 0.020921875 0.01861664712778429
1 0.5133125 0.5731301289566236 0.025343749999999998 0.016037514654161783