0 0.671826923076923 0.38823931623931623 0.015975274725274727 0.023418803418803417
0 0.6648214285714286 0.3606837606837607 0.01870879120879121 0.024427350427350426
0 0.5819917582417582 0.5744615384615385 0.015357142857142857 0.017606837606837608
0 0.6356043956043956 0.714 0.02081043956043956 0.02099145299145299
5 0.5228296703296703 0.5662564102564103 0.01938186813186813 0.022017094017094018
5 0.5093956043956044 0.4803931623931623 0.015686813186813187 0.023418803418803417
3 0.5617994505494506 0.39434188034188034 0.018736263736263737 0.021213675213675214
3 0.5679120879120879 0.3412478632478632 0.03225274725274725 0.027230769230769232
3 0.5666208791208791 0.3135042735042735 0.02195054945054945 0.012615384615384615
0 0.5661401098901099 0.29728205128205126 0.02614010989010989 0.021025641025641025
0 0.48991758241758243 0.29056410256410253 0.019230769230769232 0.028444444444444446