4 0.16555008210180622 0.6818171160609614 0.02292282430213465 0.021254396248534584
5 0.4829392446633826 0.25982415005861664 0.028226600985221676 0.021406799531066823
4 0.19821018062397372 0.6204103165298945 0.02187192118226601 0.015650644783118405
4 0.21064039408866994 0.6316647127784291 0.023185550082101804 0.016072684642438453
5 0.544696223316913 0.5593903868698711 0.01896551724137931 0.010797186400937867
4 0.8112315270935961 0.5053810082063306 0.01889983579638752 0.014876905041031653
4 0.14180623973727421 0.5472098475967174 0.020426929392446634 0.015298944900351701
5 0.37224958949096876 0.49378663540445483 0.018801313628899835 0.012075029308323564
5 0.5514614121510673 0.4503048065650645 0.01967159277504105 0.013446658851113716
5 0.4663382594417077 0.32848769050410315 0.024876847290640394 0.019050410316529893
4 0.1651559934318555 0.6300351699882766 0.01967159277504105 0.01420867526377491
4 0.13049261083743843 0.5997655334114889 0.020295566502463055 0.014337631887456037
4 0.1698193760262726 0.6077725674091441 0.017586206896551725 0.012274325908558032
4 0.19679802955665024 0.5802461899179366 0.017865353037766832 0.012731535756154747
4 0.14591133004926107 0.6230597889800704 0.02021346469622332 0.011887456037514656