0 0.5393470790378007 0.2067237163814181 0.02450171821305842 0.014009779951100245
0 0.5725257731958763 0.2223227383863081 0.023762886597938144 0.013374083129584352
4 0.792405498281787 0.24925427872860634 0.03424398625429553 0.02058679706601467
0 0.5965979381443299 0.23838630806845965 0.026305841924398627 0.013691931540342298
0 0.3692611683848797 0.21876528117359412 0.02774914089347079 0.014755501222493889
5 0.16518900343642612 0.48039119804400976 0.02740549828178694 0.01837408312958435
5 0.14051546391752578 0.47635696821515894 0.02903780068728522 0.01880195599022005
0 0.7541580756013746 0.2478728606356968 0.030206185567010307 0.015709046454767724
5 0.16699312714776632 0.6674449877750611 0.03238831615120275 0.02354523227383863
5 0.7451718213058419 0.6970904645476773 0.03379725085910653 0.032371638141809295
0 0.5602233676975945 0.24200488997555014 0.021993127147766325 0.010537897310513446