5 0.6630699088145897 0.5656334841628959 0.043601823708206686 0.025780542986425337
3 0.5765045592705167 0.6181334841628958 0.029498480243161096 0.02386877828054299
5 0.5803495440729484 0.6467760180995475 0.032066869300911856 0.02004524886877828
5 0.6168996960486323 0.4787556561085973 0.035911854103343466 0.02004524886877828
5 0.4989057750759878 0.5474886877828055 0.048738601823708205 0.03150452488687783
5 0.4014285714285714 0.5594230769230769 0.05642857142857143 0.028642533936651584
5 0.46171732522796355 0.6496380090497738 0.061565349544072945 0.025780542986425337
5 0.4745440729483283 0.6988009049773756 0.06668693009118541 0.04963800904977376
5 0.5316109422492401 0.6854411764705882 0.037188449848024316 0.043914027149321265
5 0.45466565349544075 0.617658371040724 0.042325227963525835 0.02100678733031674
0 0.35141337386018234 0.8324547511312217 0.025653495440729483 0.02100678733031674
5 0.5662462006079026 0.582816742081448 0.05258358662613982 0.037228506787330314
5 0.4796656534954407 0.5885407239819004 0.043601823708206686 0.035316742081447965
0 0.3527051671732523 0.7498755656108597 0.028221884498480242 0.014321266968325792
5 0.2988297872340425 0.8439140271493213 0.023085106382978723 0.01909502262443439
1 0.35206686930091186 0.8658484162895927 0.03645896656534954 0.019117647058823527