1 0.17669865642994242 0.6424453551912568 0.016142034548944337 0.012295081967213115
1 0.20859884836852208 0.5381420765027323 0.020806142034548943 0.014043715846994535
1 0.8574856046065259 0.5534289617486339 0.020537428023032628 0.01151639344262295
4 0.4880998080614204 0.1896584699453552 0.09750479846449135 0.03780054644808743
1 0.14255278310940497 0.5072131147540984 0.02422264875239923 0.014535519125683061
1 0.5495585412667946 0.47911202185792345 0.020460652591170827 0.012882513661202185
1 0.9106525911708253 0.5912158469945354 0.020959692898272552 0.013073770491803279
1 0.9363147792706333 0.5502595628415301 0.010690978886756238 0.009084699453551913
5 0.12230326295585413 0.6377732240437158 0.0181957773512476 0.0146448087431694
5 0.0882341650671785 0.5983196721311476 0.028867562380038386 0.023401639344262294
5 0.07850287907869481 0.5493852459016393 0.0291362763915547 0.024863387978142075
0 0.3233397312859885 0.5021448087431694 0.02124760076775432 0.014139344262295081
5 0.5061804222648753 0.4431284153005465 0.02238003838771593 0.012978142076502733
5 0.7361612284069098 0.5423224043715847 0.016813819577735124 0.012691256830601091
5 0.2752975047984645 0.5285928961748634 0.01877159309021113 0.008592896174863389
5 0.7932245681381958 0.604603825136612 0.01763915547024952 0.012595628415300547
0 0.8257389635316699 0.7443715846994535 0.02107485604606526 0.013565573770491803
5 0.13009596928982725 0.5537295081967213 0.019021113243761996 0.017937158469945355
5 0.8866986564299425 0.5183196721311476 0.02232245681381958 0.013360655737704917
5 0.8717082533589252 0.6254508196721311 0.01944337811900192 0.009467213114754097