3 0.7759571209800918 0.12683 0.04635528330781011 0.02838
3 0.6967534456355283 0.15016 0.03705972434915773 0.02634
0 0.6577641653905053 0.12297 0.031163859111791734 0.02391
0 0.31732006125574275 0.60376 0.0411791730474732 0.027960000000000002
0 0.6335375191424196 0.22451 0.02992343032159265 0.02575
0 0.5784073506891271 0.27411 0.043920367534456356 0.02595
5 0.43784073506891275 0.01455 0.048606431852986215 0.01966
1 0.35436447166921897 0.71917 0.03390505359877489 0.02518
5 0.29075038284839205 0.5615 0.04361408882082695 0.027530000000000002
1 0.2543950995405819 0.50122 0.02035222052067381 0.015189999999999999
5 0.7210566615620215 0.09256 0.02326186830015314 0.01993