5 0.8864732142857142 0.5433492063492064 0.021651785714285714 0.017047619047619048
0 0.32392857142857145 0.4499047619047619 0.027767857142857143 0.014206349206349205
4 0.5139955357142857 0.24092063492063492 0.03810267857142857 0.022952380952380953
4 0.34450892857142856 0.21387301587301588 0.028415178571428574 0.019015873015873017
4 0.6238839285714286 0.08284126984126984 0.06558035714285713 0.03419047619047619
5 0.48323660714285716 0.1391111111111111 0.02513392857142857 0.017031746031746033
5 0.4515848214285714 0.08717460317460318 0.023660714285714285 0.016174603174603175
5 0.42651785714285717 0.13876190476190475 0.02473214285714286 0.01633333333333333
5 0.4174330357142857 0.03926984126984127 0.0271875 0.01707936507936508
4 0.3784375 0.09511111111111112 0.05247767857142858 0.03926984126984127
4 0.7165178571428571 0.6092539682539683 0.03678571428571429 0.031079365079365078
5 0.7368750000000001 0.07444444444444444 0.05294642857142857 0.037825396825396825
5 0.2871651785714286 0.1820952380952381 0.04549107142857143 0.022015873015873013