1 0.10793677204658902 0.36617647058823527 0.021397670549084858 0.01531764705882353
5 0.3426289517470882 0.48308235294117646 0.01896838602329451 0.012141176470588235
5 0.11337770382695507 0.4612 0.02394342762063228 0.016294117647058824
5 0.0923793677204659 0.4856352941176471 0.017171381031613978 0.013411764705882354
5 0.10728785357737106 0.5402470588235294 0.019883527454242926 0.011494117647058823
4 0.579783693843594 0.4834 0.027104825291181363 0.02235294117647059
5 0.7359567387687188 0.5954235294117647 0.018302828618968387 0.015494117647058823
0 0.681198003327787 0.550470588235294 0.021231281198003327 0.014694117647058825
4 0.7993178036605657 0.5896 0.016256239600665558 0.014376470588235294
5 0.8200998336106489 0.6727176470588234 0.019883527454242926 0.016764705882352942
5 0.7832778702163061 0.18149411764705883 0.024841930116472545 0.015494117647058823
5 0.3878036605657238 0.28042352941176474 0.022579034941763727 0.013094117647058824
5 0.3641930116472546 0.2713294117647059 0.022811980033277873 0.01596470588235294
4 0.6181863560732113 0.21510588235294117 0.017171381031613978 0.010858823529411765
4 0.7457903494176373 0.29416470588235294 0.020332778702163063 0.009905882352941176
4 0.7866722129783694 0.2575058823529412 0.018069883527454242 0.014211764705882353
4 0.5029950083194675 0.256635294117647 0.019883527454242926 0.013411764705882354
0 0.43885191347753744 0.2916823529411765 0.02168053244592346 0.013576470588235292
4 0.5160232945091514 0.3007294117647059 0.015623960066555741 0.011047058823529413
5 0.4111314475873544 0.25331764705882354 0.013161397670549085 0.010470588235294119
5 0.4732445923460899 0.2216235294117647 0.01891846921797005 0.009894117647058824
5 0.4590515806988352 0.25783529411764705 0.017687188019966722 0.014247058823529411
5 0.8483860232945092 0.4924 0.023860232945091514 0.01396470588235294
0 0.51108153078203 0.41910588235294116 0.020565723793677205 0.010470588235294119
5 0.8297670549084859 0.574635294117647 0.015008319467554076 0.013529411764705882
5 0.7579201331114809 0.5999529411764706 0.015041597337770381 0.012552941176470588
4 0.7482029950083195 0.6190823529411765 0.02502495840266223 0.02211764705882353
0 0.2946089850249584 0.5191882352941176 0.019051580698835273 0.015670588235294117
0 0.6547587354409318 0.5784588235294118 0.01594009983361065 0.011270588235294117
0 0.4756738768718802 0.8344705882352941 0.021896838602329452 0.01707058823529412
1 0.11747088186356072 0.6197882352941178 0.020765391014975043 0.014035294117647059
5 0.4094342762063228 0.48711764705882354 0.025856905158069883 0.017952941176470588
5 0.8474043261231281 0.31281176470588234 0.027737104825291185 0.01828235294117647
5 0.6534941763727121 0.31247058823529417 0.0351414309484193 0.022741176470588233
4 0.5219966722129784 0.2859529411764706 0.01968386023294509 0.015458823529411766
4 0.48808652246256234 0.2859529411764706 0.021863560732113145 0.015458823529411766
4 0.6229617304492512 0.30374117647058824 0.020415973377703827 0.01391764705882353
5 0.7497004991680533 0.7463294117647059 0.02302828618968386 0.019799999999999998
0 0.8118801996672212 0.6301529411764706 0.014625623960066555 0.010341176470588234