5 0.7104620462046205 0.7106572769953052 0.019306930693069307 0.01272300469483568
5 0.6774587458745875 0.63518779342723 0.02023102310231023 0.012887323943661972
5 0.4914851485148514 0.6158802816901409 0.02966996699669967 0.01711267605633803
1 0.6031188118811881 0.558744131455399 0.016567656765676567 0.01085680751173709
2 0.19151815181518153 0.5809859154929577 0.025874587458745876 0.019119718309859153
4 0.1606765676567657 0.5655868544600939 0.036501650165016504 0.02096244131455399
4 0.40836633663366334 0.28417840375586856 0.04188118811881188 0.030892018779342723
4 0.29404290429042906 0.22190140845070422 0.061914191419141916 0.03873239436619718
1 0.2545379537953795 0.19951877934272302 0.017145214521452148 0.013967136150234743
0 0.3082178217821782 0.2708333333333333 0.01712871287128713 0.013215962441314554
4 0.35151815181518153 0.287406103286385 0.022293729372937294 0.015821596244131455
4 0.4966006600660066 0.36339201877934274 0.0501980198019802 0.03285211267605634
4 0.5277722772277228 0.25673708920187793 0.023547854785478547 0.01961267605633803
5 0.6526897689768977 0.23784037558685445 0.028234323432343233 0.012112676056338029
5 0.48171617161716174 0.2955281690140845 0.03569306930693069 0.02096244131455399
4 0.3345049504950495 0.3066197183098592 0.015858085808580856 0.010833333333333334
5 0.16795379537953795 0.5370892018779343 0.023349834983498352 0.017934272300469484
5 0.1608250825082508 0.4638615023474178 0.034735973597359734 0.015469483568075117
5 0.1984158415841584 0.5122417840375587 0.014125412541254127 0.00892018779342723
4 0.8076072607260727 0.5572535211267605 0.067986798679868 0.02464788732394366