3 0.3198786039453718 0.8739389920424404 0.04265553869499241 0.027612732095490717
3 0.5813201820940819 0.7938594164456234 0.050546282245827016 0.030371352785145887
3 0.34752655538694993 0.503236074270557 0.03474962063732928 0.026233421750663132
3 0.6950531107738999 0.5798673740053051 0.04107738998482549 0.057984084880636604
3 0.548937784522003 0.7338063660477453 0.03632776934749621 0.028992042440318302
3 0.47389984825493175 0.699973474801061 0.03159332321699545 0.027612732095490717
3 0.6753110773899847 0.7600397877984085 0.03001517450682853 0.026233421750663132
3 0.6263277693474962 0.716551724137931 0.04265553869499241 0.027612732095490717
5 0.4178148710166919 0.7752254641909814 0.03948406676783005 0.034509283819628644
5 0.4028072837632777 0.7151724137931035 0.050546282245827016 0.0386604774535809
5 0.31356600910470406 0.6350928381962865 0.04265553869499241 0.03312997347480106
5 0.7487556904400607 0.43489389920424404 0.05687405159332321 0.04970822281167108
5 0.5402427921092564 0.035212201591511935 0.05687405159332321 0.04555702917771883
5 0.4841578148710167 0.06143236074270557 0.03948406676783005 0.026233421750663132
5 0.5718361153262519 0.13392572944297082 0.05370257966616085 0.030371352785145887
5 0.5165553869499242 0.8062864721485412 0.03159332321699545 0.030371352785145887
5 0.5426100151745068 0.8539257294429708 0.04265553869499241 0.034509283819628644
5 0.3830652503793627 0.9215649867374005 0.03948406676783005 0.034509283819628644
0 0.5963277693474962 0.5239522546419099 0.026858877086494686 0.026233421750663132
5 0.3143550834597876 0.5046153846153847 0.03790591805766313 0.031750663129973475
5 0.7305918057663126 0.5840053050397878 0.03317147192716237 0.0386604774535809
3 0.5441881638846737 0.6951458885941645 0.05528072837632777 0.034509283819628644
1 0.4894385432473445 0.8926525198938992 0.022701062215477998 0.019986737400530506
0 0.5676631259484066 0.5705702917771883 0.02622154779969651 0.022161803713527852
0 0.4785280728376328 0.6187533156498674 0.027875569044006072 0.025358090185676394