5 0.1851948051948052 0.6222610294117646 0.02202597402597403 0.023216911764705885
5 0.8099220779220779 0.5204595588235295 0.021844155844155843 0.013897058823529412
5 0.3222077922077922 0.5787683823529413 0.015896103896103898 0.008602941176470588
5 0.2841298701298701 0.5244669117647058 0.011142857142857144 0.01119485294117647
5 0.19875324675324674 0.5383088235294117 0.015402597402597402 0.010257352941176471
5 0.5933766233766233 0.6228125 0.015012987012987014 0.009705882352941177
5 0.5285454545454545 0.4961029411764706 0.015532467532467533 0.009485294117647059
5 0.3766493506493506 0.556875 0.012779220779220779 0.008823529411764706
5 0.17155844155844155 0.508216911764706 0.018415584415584416 0.014981617647058824
5 0.14200000000000002 0.48294117647058826 0.015298701298701298 0.013988970588235295
5 0.39368831168831164 0.5382904411764705 0.01605194805194805 0.011286764705882352
5 0.14787012987012987 0.46373161764705884 0.014467532467532468 0.010808823529411765
5 0.2523116883116883 0.3009558823529412 0.020311688311688312 0.01332720588235294
5 0.68387012987013 0.6902389705882354 0.01818181818181818 0.02347426470588235
0 0.6818961038961038 0.2994485294117647 0.01846753246753247 0.011415441176470588