1 0.33096446700507615 0.7856302521008403 0.017766497461928935 0.015078031212484995
1 0.5466159052453469 0.8582953181272509 0.026700507614213196 0.013673469387755103
1 0.6074111675126904 0.8631332533013205 0.021810490693739425 0.015834333733493397
5 0.7729610829103215 0.7676230492196878 0.035499153976311336 0.022316926770708283
5 0.48231810490693744 0.24830732292917168 0.017411167512690354 0.014597839135654262
5 0.5523181049069374 0.14987995198079232 0.02856175972927242 0.013361344537815126
1 0.20785109983079528 0.25198079231692677 0.01734348561759729 0.010648259303721487
5 0.2857529610829103 0.18505402160864345 0.01802030456852792 0.01411764705882353
5 0.116751269035533 0.612797118847539 0.016531302876480542 0.013661464585834334
5 0.15037225042301186 0.5590876350540216 0.0288663282571912 0.02288115246098439
5 0.8676988155668358 0.25079231692677073 0.0316751269035533 0.021464585834333732
5 0.14460236886632824 0.7055342136854742 0.024500846023688665 0.011020408163265306
5 0.2608121827411167 0.5303481392557022 0.02544839255499154 0.01432172869147659
5 0.18299492385786803 0.6991956782713085 0.027292724196277495 0.01525810324129652
5 0.1452622673434856 0.5833973589435775 0.025820642978003384 0.01319327731092437