2 0.5304186046511628 0.47255530973451326 0.02682170542635659 0.015962389380530972
5 0.4772248062015504 0.5455973451327434 0.027348837209302326 0.01411504424778761
5 0.30370542635658915 0.6312831858407079 0.0244031007751938 0.017511061946902655
4 0.2032713178294574 0.6263053097345133 0.017891472868217052 0.012201327433628319
5 0.1875968992248062 0.6190265486725663 0.025457364341085274 0.011504424778761062
5 0.5010852713178294 0.5701438053097345 0.020666666666666667 0.010807522123893805
0 0.6807596899224806 0.2221349557522124 0.02426356589147287 0.0175
5 0.3986976744186047 0.2652433628318584 0.037488372093023255 0.01588495575221239
5 0.49860465116279074 0.2646238938053097 0.023472868217054264 0.011570796460176992
0 0.8035038759689922 0.545641592920354 0.022883720930232557 0.012654867256637168
4 0.6580775193798449 0.2690929203539823 0.05665116279069767 0.02204646017699115
5 0.41862015503875966 0.16484513274336285 0.03651162790697675 0.01695796460176991
4 0.8076124031007751 0.6218362831858407 0.02331782945736434 0.015586283185840709