0 0.45495983935742973 0.32121602288984263 0.026867469879518074 0.0138483547925608
0 0.3543975903614458 0.3236480686695279 0.01849397590361446 0.012002861230329042
0 0.4955020080321285 0.44989985693848356 0.021104417670682732 0.013004291845493562
0 0.49166666666666664 0.3053361945636624 0.024056224899598393 0.013934191702432047
0 0.49785140562249 0.2819027181688126 0.02582329317269076 0.014020028612303292
0 0.3744578313253012 0.25738197424892706 0.018373493975903616 0.010243204577968526
4 0.5167269076305221 0.37227467811158804 0.023353413654618474 0.0203862660944206
5 0.7480923694779117 0.5654649499284692 0.02433734939759036 0.012761087267525036
4 0.46514056224899597 0.4729184549356223 0.03238955823293173 0.013762517882689555
5 0.5674497991967871 0.3125464949928469 0.023112449799196785 0.011587982832618025
0 0.10275100401606425 0.5820600858369099 0.029859437751004015 0.015793991416309012
5 0.6983734939759036 0.6063233190271817 0.020200803212851406 0.014034334763948499
5 0.6349397590361445 0.592074391988555 0.024658634538152608 0.01234620886981402
0 0.5333935742971887 0.1961945636623748 0.020642570281124498 0.011917024320457797
4 0.2809638554216867 0.5904005722460658 0.024116465863453816 0.01570815450643777
5 0.4716666666666666 0.5113876967095851 0.02640562248995984 0.015278969957081544
4 0.46142570281124495 0.3908869814020029 0.039819277108433734 0.02240343347639485
5 0.4629518072289157 0.26635193133047214 0.03439759036144578 0.016452074391988557
0 0.5490963855421687 0.2886123032904149 0.024538152610441767 0.015693848354792563
0 0.5205020080321284 0.2724749642346209 0.019477911646586344 0.015278969957081544