0 0.4758229166666667 0.34607142857142853 0.039989583333333335 0.01791294642857143
0 0.3930208333333333 0.5321930803571429 0.023416666666666665 0.008683035714285714
0 0.41233333333333333 0.5643582589285715 0.024958333333333336 0.011411830357142856
0 0.38653125 0.5664229910714286 0.02403125 0.012237723214285715
0 0.6555 0.5356696428571428 0.019187500000000003 0.011662946428571427
0 0.40839583333333335 0.2653404017857143 0.028208333333333332 0.014151785714285714
5 0.4471041666666667 0.2653013392857143 0.032677083333333336 0.013409598214285714
0 0.3801875 0.2595033482142857 0.0274375 0.011752232142857142
0 0.2725520833333333 0.29506138392857145 0.024833333333333332 0.012661830357142858
0 0.30871875 0.248984375 0.026677083333333334 0.01125
5 0.4661145833333334 0.24521763392857143 0.016291666666666666 0.009676339285714286
0 0.5559791666666667 0.26260602678571426 0.020447916666666666 0.011333705357142856
0 0.6174791666666667 0.27461495535714286 0.021052083333333336 0.012165178571428572
5 0.34604166666666664 0.24439174107142855 0.024666666666666667 0.008024553571428571
0 0.37030208333333337 0.45515066964285716 0.022489583333333334 0.00959263392857143
5 0.58403125 0.5776897321428571 0.018427083333333334 0.00959263392857143
5 0.38273958333333336 0.48727678571428573 0.017697916666666664 0.011584821428571429
5 0.75246875 0.45858816964285715 0.015302083333333332 0.011830357142857142
5 0.43594791666666666 0.24347098214285715 0.0196875 0.014268973214285715