5 0.34745992601726267 0.31187037037037035 0.02456226880394575 0.016277777777777776
5 0.2868557336621455 0.23087962962962963 0.028236744759556103 0.015018518518518518
5 0.20273736128236744 0.17632407407407408 0.02498150431565968 0.021092592592592593
5 0.39543773119605424 0.3180925925925926 0.02686806411837238 0.015046296296296295
5 0.376078914919852 0.34575 0.023205918618988904 0.018212962962962966
5 0.3128729963008631 0.340537037037037 0.02630086313193588 0.013583333333333333
5 0.3542046855733662 0.17528703703703705 0.022638717632552405 0.017583333333333333
5 0.46654747225647347 0.4716666666666666 0.017595561035758323 0.012768518518518518
5 0.23858199753390877 0.4534259259259259 0.01495684340320592 0.011046296296296295
5 0.18626387176325523 0.27661111111111114 0.024932182490752155 0.015018518518518518
5 0.21786683107274968 0.21050925925925926 0.01977805178791615 0.012935185185185185
5 0.4627003699136868 0.5450555555555555 0.017607891491985203 0.011861111111111112
5 0.2354007398273736 0.4874444444444445 0.01938347718865598 0.012472222222222223