3 0.3476692913385827 0.18704622322435174 0.032078740157480315 0.02231116121758737
5 0.11874015748031497 0.47298759864712514 0.03543307086614173 0.02871476888387824
5 0.1109763779527559 0.43385569334836527 0.03579527559055118 0.022006764374295378
5 0.07836220472440944 0.4731792559188275 0.031181102362204727 0.020890642615558064
5 0.0735748031496063 0.49625704622322436 0.02878740157480315 0.023337091319052986
5 0.21840944881889762 0.7491206313416009 0.025370078740157478 0.021127395715896276
0 0.24154330708661417 0.6556933483652763 0.024834645669291337 0.01713641488162345
5 0.13651968503937006 0.6693235625704623 0.021968503937007874 0.01696730552423901
5 0.20220472440944884 0.6114543404735062 0.01993700787401575 0.011961668545659526
2 0.6851023622047244 0.5474746335963924 0.026535433070866143 0.020078917700112737
5 0.874724409448819 0.49912063134160095 0.01579527559055118 0.012266065388951523
0 0.42708661417322835 0.11011273957158962 0.026535433070866143 0.016459977452085682
0 0.42903937007874016 0.12883878241262683 0.02262992125984252 0.014926719278466742
0 0.42571653543307086 0.09067643742953778 0.02064566929133858 0.013235625704622323
0 0.4551653543307086 0.1916347237880496 0.02225196850393701 0.016956031567080043
0 0.26612598425196854 0.8409019165727171 0.023811023622047244 0.015907553551296503
0 0.577496062992126 0.8637316798196166 0.03162204724409449 0.016335963923337093
5 0.7255905511811024 0.8055467869222097 0.022818897637795276 0.017598647125140924