4 0.1995796460176991 0.7877971473851031 0.03453539823008849 0.022393026941362918
4 0.4411504424778761 0.19851030110935025 0.031637168141592925 0.022662440570522982
0 0.6263938053097345 0.27042789223454833 0.028716814159292035 0.023217115689381933
4 0.3641592920353982 0.25223454833597464 0.034424778761061946 0.025657686212361332
5 0.3148008849557522 0.27026941362916007 0.03234513274336283 0.017179080824088748
4 0.40535398230088493 0.20106180665610143 0.032079646017699116 0.02393026941362916
0 0.27553097345132743 0.13413629160063392 0.03382743362831858 0.021933438985736926
0 0.3429646017699115 0.8587321711568938 0.035309734513274335 0.02290015847860539
5 0.45280973451327433 0.3709825673534073 0.028871681415929204 0.0187797147385103
4 0.537433628318584 0.2157527733755943 0.04002212389380531 0.02393026941362916
5 0.35741150442477876 0.11223454833597463 0.02991150442477876 0.01619651347068146
0 0.49053097345132746 0.06743264659270998 0.0284070796460177 0.020206022187004756
4 0.6310619469026549 0.21133122028526147 0.05654867256637168 0.036212361331220286