0 0.24997429305912594 0.22504587155963304 0.027172236503856043 0.015834862385321103
1 0.3336246786632391 0.6156513761467889 0.02141388174807198 0.010275229357798165
4 0.13647814910025707 0.5565137614678899 0.028560411311053982 0.018220183486238533
4 0.18318766066838046 0.571137614678899 0.027403598971722367 0.021889908256880735
4 0.529305912596401 0.39759633027522934 0.027480719794344473 0.01328440366972477
5 0.5110539845758355 0.38491743119266053 0.025552699228791772 0.01721100917431193
0 0.2688431876606684 0.5925504587155963 0.027943444730077118 0.01530275229357798
0 0.25601542416452444 0.579559633027523 0.02537275064267352 0.014935779816513763
5 0.760694087403599 0.6748990825688074 0.028817480719794345 0.01528440366972477
5 0.8931876606683804 0.5745871559633027 0.03305912596401028 0.023247706422018347
5 0.29503856041131105 0.2043302752293578 0.031928020565552696 0.012825688073394495