0 0.5421308724832214 0.6147480403135499 0.020788590604026845 0.015139977603583427
0 0.4120469798657718 0.4659238521836506 0.02959731543624161 0.01666293393057111
0 0.6496308724832215 0.5663269876819709 0.029848993288590604 0.021007838745800672
0 0.6191275167785235 0.4324076147816349 0.01971476510067114 0.011914893617021277
0 0.6237416107382551 0.4173572228443449 0.018053691275167785 0.011713325867861142
0 0.4218959731543624 0.4223068309070549 0.0250503355704698 0.011914893617021277
3 0.5571140939597315 0.24643896976483762 0.0362248322147651 0.02
3 0.5266778523489932 0.21263157894736842 0.02139261744966443 0.013840985442329227
5 0.6824161073825504 0.23435610302351623 0.02030201342281879 0.01282194848824188
0 0.48587248322147647 0.2883874580067189 0.019748322147651005 0.014949608062709965
5 0.6432046979865772 0.4250839865621501 0.01697986577181208 0.013426651735722285
5 0.6101174496644295 0.5863381858902575 0.015016778523489932 0.013325867861142218
5 0.4230369127516778 0.5766853303471445 0.02733221476510067 0.013426651735722285
5 0.41015100671140936 0.22527435610302352 0.01929530201342282 0.012877939529675251