0 0.5710894941634241 0.25398832684824907 0.030330739299610894 0.018735408560311285
3 0.6240272373540856 0.5590856031128405 0.017431906614785993 0.015875486381322957
0 0.6432295719844358 0.5983657587548639 0.015038910505836577 0.021264591439688715
0 0.36964980544747084 0.6120038910505836 0.014941634241245135 0.014961089494163424
0 0.3511284046692607 0.5545719844357977 0.017490272373540856 0.0188715953307393
0 0.3030739299610895 0.5126653696498055 0.022140077821011676 0.014221789883268481
0 0.3435603112840467 0.6280544747081712 0.01914396887159533 0.01585603112840467
0 0.30142023346303504 0.6451556420233463 0.016459143968871597 0.023657587548638132
0 0.3314396887159533 0.5266342412451361 0.01622568093385214 0.015136186770428016
0 0.38262645914396887 0.546828793774319 0.0122568093385214 0.014474708171206226
0 0.5326264591439689 0.19976653696498056 0.02856031128404669 0.027256809338521402
1 0.5286770428015565 0.10667315175097276 0.03546692607003891 0.028813229571984438