0 0.330421875 0.24501758499413834 0.037484375 0.019237983587338803
5 0.5735781249999999 0.4177491207502931 0.026000000000000002 0.01865181711606096
5 0.592125 0.44062133645955454 0.02446875 0.01865181711606096
5 0.6374531250000001 0.46110199296600235 0.027765625 0.03675263774912075
5 0.547046875 0.49997655334114893 0.025750000000000002 0.019976553341148885
5 0.50209375 0.4747245017584994 0.029312500000000002 0.022837045720984762
5 0.5365 0.5245603751465416 0.039218750000000004 0.024173505275498244
5 0.499046875 0.5350410316529894 0.03540625 0.026072684642438452
0 0.38565625 0.4916881594372802 0.026046875000000004 0.023223915592028136
5 0.57803125 0.4666236811254396 0.045046875 0.029507620164126613
0 0.51428125 0.16935521688159438 0.02525 0.02191090269636577
0 0.3471875 0.17288393903868698 0.024265625 0.016764361078546307
5 0.539296875 0.6356506447831185 0.048859375 0.030644783118405627
1 0.48328125 0.4196951934349355 0.019265625 0.014912075029308323
1 0.502 0.3960140679953107 0.017468749999999998 0.013048065650644784
1 0.359421875 0.46946072684642437 0.023 0.012743259085580303