0 0.7099059561128527 0.2738179800221976 0.02268025078369906 0.017247502774694782
0 0.17236677115987462 0.2172253052164262 0.016677115987460817 0.010754716981132074
0 0.1957836990595611 0.25689234184239734 0.022257053291536048 0.020499445061043283
0 0.22526645768025078 0.23875693673695894 0.022257053291536048 0.013618201997780244
0 0.44648902821316616 0.2421198668146504 0.016630094043887145 0.011065482796892342
0 0.5986363636363636 0.2618312985571587 0.020266457680250784 0.013385127635960045
0 0.20605015673981192 0.1732852386237514 0.01920062695924765 0.010987791342952276
0 0.3150783699059561 0.18684794672586014 0.01518808777429467 0.010288568257491675
0 0.3575548589341693 0.1820976692563818 0.017586206896551725 0.010055493895671477
0 0.6528526645768025 0.23520532741398445 0.016677115987460817 0.009589345172031078
5 0.6429153605015674 0.19933407325194227 0.032178683385579936 0.022896781354051054
5 0.6800470219435737 0.1702219755826859 0.02780564263322884 0.01570477247502775
0 0.4504388714733542 0.19568257491675917 0.021316614420062694 0.014384017758046616
0 0.48578369905956115 0.1593562708102109 0.016630094043887145 0.01099889012208657
0 0.48896551724137927 0.24506104328523864 0.019043887147335424 0.010754716981132074