0 0.28676737160120847 0.21720173535791756 0.028308157099697882 0.016767895878524945
0 0.41018126888217527 0.32511930585683296 0.030090634441087616 0.01505422993492408
0 0.3371299093655589 0.2245119305856833 0.024652567975830816 0.01438177874186551
0 0.3331117824773414 0.25357917570498917 0.02084592145015106 0.011323210412147506
0 0.5586706948640483 0.23652928416485902 0.026706948640483383 0.01633405639913232
0 0.3554682779456193 0.20644251626898047 0.018731117824773415 0.012255965292841649
0 0.36797583081570995 0.1291540130151844 0.024531722054380662 0.012342733188720175
0 0.6336555891238671 0.10212581344902386 0.021148036253776436 0.01438177874186551
5 0.41389728096676737 0.36399132321041217 0.022628398791540785 0.021431670281995663
0 0.4894864048338369 0.18754880694143167 0.018277945619335347 0.011822125813449024
0 0.5214501510574018 0.29865509761388287 0.018277945619335347 0.01140997830802603
5 0.2793051359516616 0.1307592190889371 0.02190332326283988 0.012169197396963123
0 0.49864048338368583 0.23984815618221256 0.025981873111782475 0.012754880694143166
5 0.15265861027190333 0.5706724511930585 0.02425981873111782 0.014967462039045554
5 0.7188217522658611 0.17470715835140999 0.01891238670694864 0.009956616052060737
5 0.745226586102719 0.19403470715835142 0.020574018126888215 0.009544468546637744
5 0.6857401812688821 0.23143167028199566 0.018791540785498488 0.01123644251626898
0 0.6778549848942599 0.1215184381778742 0.01797583081570997 0.012342733188720175
0 0.549546827794562 0.15698481561822128 0.02123867069486405 0.010216919739696313
5 0.5950151057401812 0.2562472885032538 0.022688821752265862 0.016681127982646423
5 0.4401812688821752 0.11019522776572667 0.019818731117824773 0.013535791757049892
5 0.3870392749244713 0.1050108459869848 0.02429003021148036 0.011670281995661605
5 0.8682175226586103 0.5125596529284164 0.027945619335347432 0.021084598698481564
5 0.0561631419939577 0.5139262472885032 0.022175226586102718 0.012472885032537961