0 0.808552380952381 0.4091689373297003 0.02575238095238095 0.013324250681198909
0 0.34422857142857144 0.8850136239782017 0.021066666666666668 0.017111716621253405
1 0.6733714285714285 0.531525885558583 0.017904761904761906 0.010762942779291554
5 0.7491619047619048 0.5575340599455041 0.01939047619047619 0.014087193460490463
5 0.8354666666666667 0.5623841961852861 0.018723809523809525 0.010531335149863761
5 0.6577333333333334 0.6668392370572207 0.026857142857142857 0.018024523160762942
5 0.6901904761904762 0.741757493188011 0.02213333333333333 0.009632152588555858
5 0.7352190476190477 0.7869891008174387 0.016304761904761905 0.013787465940054495
5 0.15843809523809524 0.5198637602179836 0.016857142857142855 0.012888283378746595
5 0.16746666666666668 0.5356403269754769 0.019428571428571427 0.014564032697547684
5 0.22935238095238095 0.48311989100817443 0.01944761904761905 0.011335149863760219
5 0.12878095238095238 0.5908855585831062 0.019428571428571427 0.012193460490463215
5 0.16767619047619048 0.6528065395095368 0.012133333333333333 0.007670299727520436
5 0.4010666666666667 0.49361035422343325 0.014761904761904763 0.011280653950953677
4 0.4215809523809524 0.14513623978201634 0.059961904761904765 0.05005449591280654
5 0.19685714285714284 0.7506267029972753 0.018285714285714284 0.014059945504087195