5 0.10127142857142857 0.3350354609929078 0.021842857142857143 0.014660587639311044
5 0.7106714285714286 0.5262310030395136 0.02562857142857143 0.01370820668693009
5 0.7247285714285714 0.4806180344478217 0.021971428571428572 0.013029381965552178
5 0.4939571428571428 0.6101722391084093 0.0298 0.013991894630192504
5 0.14385714285714285 0.24969604863221884 0.026328571428571427 0.015430597771023303
5 0.14698571428571428 0.26794326241134747 0.0228 0.015339412360688956
5 0.5097714285714285 0.2643363728470111 0.019885714285714284 0.013890577507598785
5 0.1416857142857143 0.297274569402229 0.0171 0.010425531914893616
5 0.6288285714285714 0.818611955420466 0.020857142857142855 0.01668693009118541
0 0.7626142857142858 0.70370820668693 0.01952857142857143 0.014184397163120567
0 0.6172142857142857 0.8707294832826747 0.019642857142857142 0.013029381965552178
5 0.7656714285714286 0.5753596757852077 0.028085714285714287 0.0160081053698075