0 0.3239105058365759 0.4406225680933852 0.028424124513618677 0.01717898832684825
2 0.7319260700389104 0.6228210116731517 0.027879377431906615 0.027392996108949415
2 0.7062840466926069 0.7717120622568094 0.02367704280155642 0.017704280155642023
2 0.6705252918287937 0.8064396887159533 0.02321011673151751 0.015817120622568095
4 0.6231517509727627 0.1901167315175097 0.02754863813229572 0.0217704280155642
4 0.5883463035019456 0.17443579766536965 0.0245136186770428 0.028735408560311284
4 0.7114396887159533 0.26145914396887154 0.026575875486381323 0.023346303501945526
4 0.41992217898832684 0.1901167315175097 0.050408560311284045 0.0217704280155642
5 0.46155642023346305 0.20801556420233464 0.021750972762645916 0.019280155642023348
4 0.5498443579766537 0.3923540856031128 0.023638132295719844 0.01680933852140078
0 0.334727626459144 0.528249027237354 0.02110894941634241 0.02245136186770428
5 0.5964007782101167 0.32750972762645914 0.018463035019455253 0.02219844357976654
4 0.5760700389105059 0.3642217898832685 0.015544747081712062 0.03311284046692607
4 0.5234630350194552 0.33961089494163427 0.04124513618677043 0.020194552529182883
5 0.2853696498054475 0.6210311284046692 0.026634241245136185 0.020700389105058368
5 0.2671984435797665 0.7590856031128405 0.02291828793774319 0.022140077821011676