0 0.4521146245059289 0.17155352480417754 0.04116600790513834 0.02762402088772846
0 0.30784584980237156 0.06325065274151437 0.03239130434782609 0.020548302872062663
3 0.3949802371541502 0.4224804177545692 0.04806324110671937 0.03326370757180157
3 0.7567588932806324 0.44458224543080943 0.05128458498023715 0.03091383812010444
5 0.8181620553359684 0.5645300261096606 0.033102766798418976 0.029255874673629244
0 0.408596837944664 0.7728851174934726 0.051086956521739134 0.0327023498694517
0 0.6696245059288537 0.7692428198433421 0.03561264822134387 0.025430809399477807
5 0.17144268774703558 0.21489556135770238 0.03462450592885375 0.01762402088772846
5 0.7738339920948617 0.48259791122715406 0.02816205533596838 0.023981723237597913
5 0.8897430830039526 0.43366840731070494 0.033102766798418976 0.023629242819843344
5 0.7822134387351779 0.5336945169712793 0.03614624505928853 0.01997389033942559
5 0.6920553359683794 0.11298955613577023 0.032035573122529644 0.02108355091383812
0 0.3807905138339921 0.6599477806788512 0.03513833992094862 0.022180156657963444
1 0.8748221343873518 0.18391644908616187 0.02513833992094862 0.02241514360313316
1 0.7893478260869565 0.06933420365535248 0.020118577075098815 0.01577023498694517