3 0.27236666666666665 0.7375499999999999 0.04273333333333333 0.02515
3 0.5502666666666667 0.7824833333333333 0.030333333333333334 0.024833333333333332
3 0.4069888888888889 0.6905333333333333 0.02871111111111111 0.018825
1 0.37786666666666663 0.6638999999999999 0.023155555555555554 0.021141666666666666
3 0.16233333333333333 0.7746083333333333 0.0302 0.018966666666666666
0 0.4383777777777778 0.5960416666666667 0.05032222222222222 0.03489166666666666
3 0.37456666666666666 0.51305 0.023577777777777777 0.027941666666666667
5 0.5176333333333334 0.45538333333333336 0.027655555555555555 0.022850000000000002
0 0.45896666666666663 0.5112000000000001 0.03384444444444445 0.020833333333333332
0 0.2952111111111111 0.5932583333333333 0.025855555555555555 0.015733333333333332
0 0.23634444444444444 0.5705666666666667 0.028333333333333332 0.020983333333333333
0 0.17128888888888888 0.5878583333333333 0.0267 0.017275
5 0.5292666666666667 0.6242916666666667 0.022922222222222222 0.018508333333333335
3 0.18611111111111112 0.3625 0.021755555555555552 0.018666666666666665
5 0.3743666666666667 0.2647583333333333 0.026044444444444446 0.019591666666666667
5 0.21761111111111112 0.24816666666666667 0.028755555555555555 0.01728333333333333
5 0.2046333333333333 0.20647500000000002 0.025866666666666666 0.014191666666666668
5 0.3976222222222222 0.5291 0.016566666666666667 0.015883333333333333
4 0.35450000000000004 0.5771999999999999 0.06372222222222222 0.054016666666666664
5 0.47934444444444446 0.5595916666666667 0.030133333333333335 0.027458333333333335
5 0.41913333333333336 0.4813916666666666 0.03323333333333334 0.027933333333333334
5 0.2570222222222222 0.47675833333333334 0.021944444444444444 0.018666666666666665
0 0.27051111111111115 0.6557083333333333 0.025855555555555555 0.02205
0 0.5092 0.7497416666666668 0.023955555555555553 0.016183333333333334
0 0.34595555555555557 0.7352333333333333 0.03345555555555556 0.020508333333333333
1 0.5019888888888889 0.6716166666666668 0.02601111111111111 0.018041666666666664
5 0.4253111111111111 0.522 0.027066666666666666 0.023908333333333334
1 0.39363333333333334 0.4335083333333334 0.02898888888888889 0.0216
1 0.2808111111111111 0.24909166666666668 0.030633333333333335 0.020891666666666666
1 0.4740111111111111 0.6975666666666667 0.031622222222222225 0.021050000000000003