0 0.48290625 0.21161781946072683 0.040515625 0.03193434935521688
5 0.5848125 0.4845134818288394 0.053671875 0.04263774912075029
5 0.627390625 0.5763305978898007 0.050921875000000005 0.030058616647127785
5 0.5797343749999999 0.5973505275498242 0.039109375 0.029237983587338805
5 0.539359375 0.6006447831184056 0.03746875 0.030879249706916766
0 0.444171875 0.5649941383352872 0.049312499999999995 0.03212192262602579
5 0.6279375 0.32065650644783117 0.038828125000000005 0.02822977725674091
5 0.5941562499999999 0.441641266119578 0.045984375 0.02944900351699883
5 0.48703124999999997 0.5699413833528723 0.029515625 0.030468933177022272
0 0.438 0.49327080890973035 0.036953124999999996 0.018933177022274324
0 0.368375 0.7988276670574442 0.036140624999999996 0.019953106682297772
5 0.28046875 0.7942907385697537 0.03615625 0.02078546307151231
5 0.4720625 0.7791441969519344 0.034749999999999996 0.028405627198124266
5 0.483046875 0.6288980070339977 0.045734375 0.028007033997655334
5 0.5444375 0.5365533411488863 0.041046875 0.03954279015240328
5 0.5346875 0.7652286049237984 0.041328125 0.017069167643610786