0 0.2622573839662447 0.633578947368421 0.019746835443037975 0.010781954887218045
0 0.1818354430379747 0.5829924812030075 0.023649789029535868 0.011293233082706767
0 0.46786919831223633 0.4268421052631579 0.022278481012658228 0.012481203007518798
4 0.550379746835443 0.1947669172932331 0.03322784810126582 0.016030075187969926
0 0.8812236286919831 0.3184360902255639 0.023080168776371306 0.014240601503759399
5 0.5821097046413503 0.25348872180451126 0.019683544303797467 0.011458646616541354
5 0.4160970464135021 0.1945263157894737 0.023565400843881857 0.01043609022556391
4 0.3158860759493671 0.2398045112781955 0.024261603375527425 0.012887218045112782
5 0.860295358649789 0.6156992481203007 0.019746835443037975 0.012300751879699248
4 0.7703164556962026 0.6916992481203008 0.023755274261603374 0.01348872180451128
5 0.2786075949367089 0.5797744360902256 0.020337552742616036 0.011624060150375941
5 0.5163713080168776 0.6206616541353384 0.025147679324894513 0.01374436090225564