1 0.7396081771720613 0.5632234432234432 0.01555366269165247 0.017875457875457877
4 0.8062180579216355 0.2698778998778999 0.03744463373083475 0.018669108669108668
4 0.6374105621805792 0.2721978021978022 0.02052810902896082 0.014029304029304029
5 0.6811243611584327 0.30070818070818073 0.013356047700170357 0.014163614163614164
0 0.5748211243611585 0.3107936507936508 0.018296422487223168 0.011855921855921856
1 0.4514480408858603 0.5452625152625152 0.015775127768313458 0.009743589743589744
5 0.5986371379897785 0.25036630036630036 0.02604770017035775 0.010073260073260074
4 0.33212947189097103 0.24460317460317463 0.03466780238500852 0.014432234432234433
4 0.345144804088586 0.23442002442002444 0.019045996592844974 0.008608058608058609
4 0.37722316865417377 0.2147008547008547 0.020187393526405452 0.007545787545787545
5 0.7363373083475299 0.6144688644688645 0.02395229982964225 0.011855921855921856