0 0.5450943396226415 0.3093765281173594 0.023447684391080616 0.014254278728606358
5 0.253344768439108 0.21877750611246946 0.019193825042881647 0.014339853300733497
0 0.5539965694682676 0.2682640586797066 0.018353344768439108 0.009987775061124695
0 0.5805831903945112 0.3279217603911981 0.021166380789022297 0.011442542787286063
4 0.5434991423670669 0.2358557457212714 0.031715265866209257 0.01768948655256724
5 0.16073756432246997 0.6258924205378973 0.026295025728987995 0.01271393643031785
5 0.24144082332761577 0.25095354523227387 0.02516295025728988 0.015244498777506114
0 0.4750600343053173 0.12440097799511003 0.018473413379073756 0.010525672371638142
0 0.20531732418524873 0.6211735941320293 0.026174957118353343 0.012359413202933985
0 0.25703259005145795 0.6000611246943766 0.021989708404802744 0.015440097799511004
0 0.13591766723842194 0.5649266503667482 0.02246998284734134 0.01226161369193154
5 0.7799142367066896 0.5838264058679706 0.016878216123499143 0.011992665036674817
5 0.3781303602058319 0.28195599022004886 0.021509433962264148 0.011980440097799512
5 0.26248713550600344 0.25662591687041564 0.02202401372212693 0.012066014669926649
4 0.38665523156089193 0.23772616136919317 0.02481989708404803 0.01234718826405868
0 0.5974271012006861 0.12613691931540344 0.02053173241852487 0.010342298288508559
5 0.33703259005145797 0.24969437652811735 0.028627787307032592 0.014511002444987774
5 0.39898799313893657 0.32253056234718824 0.03293310463121784 0.02058679706601467
4 0.703138936535163 0.7476894865525673 0.030480274442538594 0.018777506112469436
5 0.38036020583190394 0.6049144254278729 0.014511149228130361 0.01061124694376528
5 0.4125385934819897 0.36055012224938876 0.02392795883361921 0.018691931540342297
4 0.4728816466552316 0.31268948655256723 0.03013722126929674 0.014669926650366748
0 0.6327444253859348 0.6066625916870416 0.028456260720411665 0.015097799511002444
0 0.6234476843910807 0.8550733496332519 0.027478559176672385 0.02033007334963325
0 0.5097598627787308 0.9159657701711491 0.022435677530017153 0.013092909535452325