0 0.3269542253521127 0.17095 0.024295774647887326 0.021712500000000003
0 0.3486267605633803 0.26642499999999997 0.02535211267605634 0.0143
0 0.4353169014084507 0.196025 0.04096830985915493 0.0199375
0 0.3342605633802817 0.619075 0.020123239436619717 0.011425000000000001
0 0.7887676056338028 0.6629625 0.017341549295774646 0.012075
0 0.7980985915492957 0.5922875 0.019559859154929575 0.0116125
0 0.7994718309859156 0.244875 0.02466549295774648 0.015674999999999998
0 0.8018133802816901 0.3231125 0.019964788732394365 0.0127125
0 0.8532042253521127 0.3296875 0.021672535211267607 0.0129
1 0.2898767605633803 0.5136875 0.025334507042253523 0.011975
1 0.2939788732394366 0.55975 0.01711267605633803 0.013274999999999999
0 0.32251760563380283 0.25853750000000003 0.020123239436619717 0.013375
0 0.5835739436619719 0.31522500000000003 0.022922535211267605 0.0118
5 0.6757570422535211 0.339325 0.023978873239436618 0.0136625
0 0.2630457746478873 0.2477 0.016320422535211265 0.008375
5 0.6215140845070423 0.294325 0.03987676056338028 0.0218875
5 0.20846830985915493 0.554125 0.022658450704225352 0.017425
0 0.8129577464788732 0.641575 0.015580985915492958 0.0097625
0 0.8331866197183099 0.6235375 0.020933098591549296 0.012237499999999998
0 0.6730457746478874 0.3015 0.027341549295774648 0.013625
4 0.38205985915492957 0.16177499999999997 0.022359154929577463 0.012350000000000002
5 0.6498943661971831 0.2162375 0.017676056338028167 0.0129
0 0.7145598591549296 0.23703749999999998 0.017253521126760565 0.0135625