4 0.27379545454545456 0.6232899022801303 0.03322727272727272 0.0955700325732899
4 0.4661818181818182 0.23871335504885993 0.041727272727272724 0.020716612377850163
0 0.8582045454545455 0.3651465798045602 0.018045454545454545 0.013664495114006515
0 0.21706818181818183 0.6291368078175896 0.01934090909090909 0.013013029315960913
0 0.7962727272727274 0.6100488599348534 0.025113636363636366 0.011547231270358307
5 0.7345909090909092 0.594657980456026 0.023454545454545454 0.014543973941368077
0 0.21570454545454545 0.5682247557003257 0.022113636363636363 0.014543973941368077
4 0.22086363636363637 0.5867752442996742 0.015863636363636364 0.010504885993485343
0 0.7453636363636363 0.3350814332247557 0.022136363636363638 0.01504885993485342
0 0.13947727272727273 0.6519381107491857 0.02811363636363636 0.016123778501628664
4 0.1496818181818182 0.6199022801302931 0.021545454545454545 0.01478827361563518