4 0.5227047619047619 0.1892234332425068 0.03337142857142857 0.019836512261580383
0 0.6075809523809524 0.23536784741144412 0.029066666666666668 0.02039509536784741
1 0.38904761904761903 0.1588692098092643 0.013923809523809522 0.009087193460490464
0 0.5871428571428572 0.1505858310626703 0.02180952380952381 0.015762942779291553
0 0.5333714285714285 0.25272479564032696 0.021009523809523808 0.011989100817438694
0 0.7187428571428571 0.22745231607629426 0.025104761904761904 0.014564032697547684
1 0.38457142857142856 0.6199182561307902 0.014266666666666667 0.011607629427792915
5 0.8642095238095238 0.6084196185286104 0.02361904761904762 0.019591280653950955
1 0.7483619047619048 0.7769346049046322 0.013695238095238095 0.010354223433242507
0 0.3851047619047619 0.779441416893733 0.02502857142857143 0.015626702997275206
0 0.7050285714285714 0.8285013623978201 0.019238095238095238 0.015040871934604903