4 0.43830949284785437 0.29838235294117643 0.03118335500650195 0.02125
0 0.1879323797139142 0.19060661764705883 0.02 0.011893382352941176
3 0.41438231469440834 0.20192095588235293 0.03451235370611183 0.02228860294117647
3 0.7127828348504551 0.24971507352941177 0.023810143042912874 0.014779411764705881
0 0.6652535760728219 0.30402573529411764 0.019973992197659298 0.011553308823529411
0 0.6542392717815345 0.3172610294117647 0.024668400520156047 0.011810661764705882
1 0.7553836150845253 0.6620128676470588 0.01776332899869961 0.012775735294117647
3 0.49079323797139146 0.14045036764705882 0.022652795838751627 0.014687500000000001
0 0.5822236671001301 0.37130514705882356 0.025266579973992197 0.01853860294117647
4 0.27145643693107935 0.6676470588235294 0.03327698309492848 0.01880514705882353
4 0.4146944083224967 0.6851286764705882 0.02400520156046814 0.0153125
4 0.40955786736020805 0.5303400735294117 0.02931079323797139 0.015045955882352942
4 0.15288686605981794 0.5062224264705882 0.023328998699609884 0.019237132352941177
4 0.3690637191157347 0.6561580882352941 0.026215864759427828 0.015045955882352942
4 0.24413524057217167 0.6641084558823529 0.018894668400520155 0.011727941176470589
0 0.21674902470741222 0.22862132352941178 0.02421326397919376 0.014512867647058822
0 0.8398309492847855 0.19671875 0.021989596879063718 0.015386029411764705
0 0.6788426527958387 0.12315257352941178 0.02491547464239272 0.011544117647058824
5 0.7250325097529258 0.3362683823529412 0.021586475942782835 0.013115808823529411
0 0.4709492847854357 0.3283547794117647 0.02525357607282185 0.014779411764705881
4 0.49728218465539664 0.19104779411764708 0.06902470741222366 0.07392463235294118
5 0.8432249674902471 0.23237132352941176 0.0176592977893368 0.013299632352941177
4 0.8468660598179454 0.3410202205882353 0.021781534460338103 0.020900735294117647
5 0.3286996098829649 0.2174264705882353 0.027815344603381014 0.014871323529411765
4 0.4214954486345904 0.23455882352941176 0.029167750325097528 0.0403860294117647
0 0.548777633289987 0.08920036764705883 0.02291287386215865 0.011801470588235293
5 0.6747074122236671 0.18641544117647058 0.023315994798439533 0.013988970588235295
5 0.22793237971391417 0.6427481617647058 0.02655396618985696 0.021424632352941175
4 0.282704811443433 0.5782169117647059 0.02928478543563069 0.015229779411764706
0 0.5912483745123537 0.35356617647058824 0.02552665799739922 0.011553308823529411
5 0.6225877763328999 0.27890624999999997 0.0370221066319896 0.01774816176470588
4 0.6407672301690507 0.2539981617647059 0.028998699609882966 0.02036764705882353
0 0.21055916775032507 0.19117647058823528 0.02520156046814044 0.01704963235294118
0 0.21167750325097529 0.15775735294117646 0.02296488946684005 0.013115808823529411
0 0.2520416124837451 0.13127757352941177 0.021365409622886865 0.012582720588235294
0 0.35150845253576074 0.12756433823529412 0.01780234070221066 0.012150735294117648
5 0.33871261378413525 0.17846507352941177 0.0211443433029909 0.012591911764705881
0 0.3892197659297789 0.2351654411764706 0.0264629388816645 0.012417279411764705
5 0.7480884265279584 0.27116727941176466 0.02097529258777633 0.01276654411764706
0 0.7557477243172951 0.16190257352941176 0.02296488946684005 0.012683823529411765
5 0.5642912873862158 0.20331801470588237 0.025019505851755525 0.011636029411764707
0 0.7283094928478544 0.2011764705882353 0.02591677503250975 0.014347426470588235
4 0.565591677503251 0.3450919117647059 0.029843953185955785 0.0190625
5 0.8050195058517554 0.3109191176470588 0.025812743823146946 0.011902573529411764