0 0.7755172413793104 0.48964052287581705 0.024091954022988506 0.01883986928104575
4 0.1299080459770115 0.5882026143790849 0.016873563218390803 0.01465686274509804
4 0.19960919540229885 0.5643300653594772 0.02174712643678161 0.015408496732026144
4 0.24190804597701152 0.5670424836601307 0.023724137931034485 0.01334967320261438
0 0.3734942528735632 0.6015196078431373 0.020206896551724137 0.011486928104575163
5 0.39724137931034487 0.2858496732026144 0.02519540229885058 0.012026143790849673
4 0.15062068965517242 0.6306535947712418 0.04887356321839081 0.028725490196078427
4 0.3978390804597701 0.5034313725490196 0.024 0.014738562091503267
4 0.7957931034482759 0.5357679738562091 0.038643678160919535 0.027222222222222224
0 0.4141609195402299 0.8919934640522875 0.030712643678160918 0.012696078431372548
0 0.744367816091954 0.8058333333333334 0.020804597701149428 0.015588235294117646
0 0.7889655172413793 0.7193790849673203 0.015563218390804597 0.012320261437908497
4 0.827977011494253 0.6627124183006535 0.034597701149425286 0.03504901960784314
4 0.7857471264367817 0.6123856209150327 0.035103448275862065 0.018284313725490196
4 0.8476551724137932 0.5628104575163398 0.026735632183908047 0.02349673202614379
0 0.5881149425287356 0.2529901960784314 0.0316551724137931 0.019019607843137255
5 0.4487816091954023 0.4733660130718954 0.024413793103448274 0.016143790849673205
4 0.784367816091954 0.6707352941176471 0.030000000000000002 0.01568627450980392
0 0.5511954022988506 0.5648039215686275 0.02154022988505747 0.014460784313725489
4 0.5998620689655172 0.886127450980392 0.02917241379310345 0.01772875816993464
0 0.3499540229885057 0.8509477124183006 0.02268965517241379 0.012598039215686275
4 0.8256091954022988 0.5893627450980392 0.03931034482758621 0.020702614379084966