4 0.44649851632047477 0.2273529411764706 0.03400593471810089 0.029012605042016807
4 0.3608902077151335 0.16907563025210084 0.02605341246290801 0.030504201680672267
4 0.4021661721068249 0.1846638655462185 0.031483679525222553 0.014117647058823528
4 0.4881008902077152 0.14413865546218488 0.02629080118694362 0.019936974789915966
5 0.7993768545994064 0.5830882352941177 0.04050445103857567 0.022626050420168065
5 0.8444213649851632 0.5718907563025211 0.04029673590504451 0.019936974789915966
5 0.13762611275964393 0.6073109243697479 0.02335311572700297 0.016974789915966387
4 0.41655786350148366 0.11884453781512605 0.03741839762611276 0.02180672268907563
4 0.3851928783382789 0.16153361344537814 0.02952522255192878 0.021974789915966388
5 0.8298813056379822 0.5290756302521008 0.05359050445103857 0.0244327731092437
5 0.5765578635014837 0.1371638655462185 0.032344213649851634 0.019096638655462184
4 0.29026706231454 0.19149159663865548 0.025281899109792283 0.020105042016806723
5 0.16189910979228486 0.5462605042016806 0.021632047477744807 0.01245798319327731