4 0.7058387799564271 0.5734312210200927 0.038017429193899784 0.0244822256568779
0 0.7172549019607843 0.16180834621329213 0.02684095860566449 0.015996908809891807
1 0.4684095860566449 0.4262442040185471 0.01849673202614379 0.010649149922720248
1 0.8667320261437909 0.5497527047913446 0.027450980392156862 0.014265842349304484
1 0.8603267973856209 0.5005100463678516 0.019891067538126365 0.010649149922720248
1 0.4245098039215686 0.46523956723338483 0.024880174291939 0.01435857805255023
1 0.19172113289760348 0.5653323029366306 0.025119825708061 0.016537867078825347
1 0.07468409586056646 0.33868624420401855 0.026557734204793026 0.014976816074188562
0 0.7279956427015251 0.22921174652241114 0.023115468409586056 0.011839258114374035
4 0.47673202614379084 0.1421483771251932 0.03701525054466231 0.01927357032457496
5 0.10607843137254902 0.24208655332302936 0.028540305010893247 0.017434312210200927