0 0.4955 0.5682766705744432 0.03071875 0.01835873388042204
5 0.505046875 0.5450879249706917 0.032015625 0.024349355216881592
0 0.46859375 0.545580304806565 0.036296875 0.021981242672919107
0 0.5104375 0.49092614302461896 0.02496875 0.012930832356389213
0 0.535484375 0.5945134818288393 0.023109374999999998 0.017373974208675265
0 0.5540468749999999 0.41691676436107855 0.02309375 0.011957796014067995
5 0.5675 0.3639390386869871 0.027734375 0.016283704572098476
0 0.65396875 0.13704572098475967 0.025484374999999997 0.014747948417350528
0 0.64265625 0.18215709261430246 0.02215625 0.019202813599062132
5 0.66325 0.27237983587338804 0.02178125 0.016963657678780775
5 0.49818749999999995 0.5210668229777257 0.019765625000000002 0.015298944900351701