1 0.5888922764227642 0.24347919655667147 0.02029471544715447 0.015150645624103301
4 0.745 0.21534433285509325 0.018983739837398372 0.011836441893830704
5 0.583729674796748 0.1315925394548063 0.017215447154471545 0.010796269727403158
1 0.5488922764227643 0.4303730272596844 0.019888211382113823 0.012503586800573887
1 0.9244308943089431 0.5692109038737446 0.019298780487804878 0.014017216642754663
1 0.49502032520325207 0.28339311334289813 0.02308943089430894 0.013629842180774749
1 0.7132418699186992 0.7440387374461981 0.01818089430894309 0.009956958393113344
1 0.7265752032520326 0.7888235294117646 0.018313008130081302 0.010624103299856528
1 0.5298577235772358 0.41963414634146345 0.020416666666666666 0.01184361549497848
1 0.9315955284552846 0.28212338593974173 0.018353658536585365 0.011068866571018651
1 0.5147154471544716 0.8067073170731707 0.023902439024390244 0.012317073170731708
5 0.5539837398373983 0.2766786226685796 0.020426829268292684 0.013443328550932568