4 0.20211678832116786 0.6861139896373056 0.043065693430656936 0.03765112262521589
4 0.6990997566909976 0.5438514680483593 0.030827250608272506 0.012037996545768566
4 0.889829683698297 0.5874438687392055 0.02732360097323601 0.01538860103626943
4 0.06642335766423357 0.5302417962003454 0.036204379562043795 0.025820379965457683
4 0.14391727493917275 0.5829188255613126 0.028223844282238442 0.019395509499136442
4 0.2267883211678832 0.5716580310880829 0.030973236009732362 0.01846286701208981
4 0.11019464720194647 0.5532642487046632 0.017420924574209247 0.013333333333333332
4 0.3236982968369829 0.4975993091537133 0.02875912408759124 0.015664939550949913
0 0.6360340632603407 0.5784455958549223 0.015693430656934307 0.011571675302245251
4 0.6735523114355231 0.5146977547495682 0.02462287104622871 0.02005181347150259
4 0.811411192214112 0.6162176165803109 0.01927007299270073 0.018186528497409326