0 0.27063314711359404 0.5659920106524634 0.017467411545623836 0.013249001331557922
0 0.3450651769087523 0.3143941411451398 0.019273743016759777 0.010332889480692409
0 0.5524394785847301 0.27846870838881493 0.015754189944134078 0.01151797603195739
5 0.10316573556797021 0.5511185086551265 0.02238361266294227 0.01849533954727031
4 0.18188081936685288 0.589161118508655 0.044003724394785844 0.021411451398135817
5 0.478268156424581 0.5027030625832223 0.026797020484171322 0.014926764314247672
5 0.45256983240223464 0.19885486018641813 0.03985102420856611 0.02351531291611185
5 0.5309683426443202 0.45675099866844204 0.026312849162011175 0.0162982689747004
4 0.6492551210428305 0.502103861517976 0.03271880819366853 0.021051930758988018
0 0.47986964618249534 0.301358189081225 0.015940409683426443 0.010905459387483355
4 0.36029795158286776 0.22679094540612516 0.03253258845437616 0.01537949400798935
5 0.5914525139664805 0.2489214380825566 0.022998137802607076 0.013914780292942743
5 0.34653631284916203 0.29647137150466046 0.029497206703910615 0.017576564580559253
5 0.8129608938547486 0.5066311584553929 0.014860335195530728 0.013648468708388815