0 0.6173651452282157 0.2441029411764706 0.026307053941908715 0.012426470588235292
0 0.7448340248962655 0.3008676470588235 0.02892116182572614 0.019308823529411767
0 0.7280082987551867 0.24775 0.021141078838174274 0.01388235294117647
5 0.4689004149377593 0.4971029411764705 0.022302904564315353 0.012426470588235292
2 0.42719917012448133 0.7988970588235295 0.036514522821576766 0.024749999999999998
0 0.7669917012448133 0.5997058823529412 0.023983402489626555 0.021823529411764707
0 0.69649377593361 0.30270588235294116 0.02946058091286307 0.01911764705882353
0 0.45865145228215765 0.2301029411764706 0.02641078838174274 0.021249999999999998
3 0.2429668049792531 0.6233088235294117 0.028278008298755188 0.01475
0 0.577655601659751 0.39886764705882355 0.01711618257261411 0.009044117647058824
0 0.675850622406639 0.5090735294117648 0.024149377593360995 0.012352941176470589
0 0.6034232365145229 0.3138970588235294 0.028692946058091286 0.016426470588235292
5 0.730207468879668 0.5522794117647059 0.027676348547717843 0.02586764705882353