5 0.6188888888888889 0.42849849849849847 0.022237237237237237 0.0175975975975976
5 0.5744144144144144 0.4924174174174174 0.01852852852852853 0.01575075075075075
5 0.5531081081081081 0.4173723723723724 0.01668168168168168 0.01575075075075075
5 0.5633033033033034 0.13294294294294295 0.01852852852852853 0.01575075075075075
5 0.36503003003003004 0.40301801801801806 0.01481981981981982 0.01852852852852853
5 0.48872372372372375 0.5234534534534535 0.026861861861861864 0.01852852852852853
5 0.4433183183183183 0.163993993993994 0.023168168168168166 0.01852852852852853
5 0.4984384384384384 0.2469069069069069 0.01852852852852853 0.0175975975975976
5 0.6642492492492492 0.1472972972972973 0.02 0.019429429429429428
3 0.5112762762762763 0.22172672672672672 0.025255255255255255 0.025030030030030032
5 0.36930930930930933 0.4286786786786787 0.01427927927927928 0.011831831831831832
5 0.5391291291291291 0.25812312312312313 0.02045045045045045 0.012627627627627628
5 0.38618618618618616 0.4647447447447447 0.021816816816816815 0.01747747747747748
5 0.4554354354354354 0.14546546546546546 0.023393393393393393 0.01780780780780781