3 0.590752688172043 0.251402157164869 0.028881720430107526 0.023605546995377504
5 0.7351182795698924 0.6283050847457626 0.025978494623655913 0.015100154083204932
5 0.19133333333333333 0.6321571648690293 0.03148387096774194 0.017303543913713405
1 0.41709677419354835 0.8946687211093991 0.021440860215053766 0.012187981510015409
1 0.7227311827956989 0.8501078582434515 0.015010752688172044 0.010816640986132511
1 0.41582795698924735 0.9657010785824345 0.01890322580645161 0.011633281972265022
5 0.1628817204301075 0.6097072419106317 0.02967741935483871 0.014453004622496149
5 0.7599999999999999 0.6956856702619415 0.029806451612903226 0.021864406779661016
5 0.8101290322580644 0.6503389830508475 0.029053763440860216 0.017103235747303543
0 0.5101720430107527 0.3619568567026194 0.021591397849462363 0.01802773497688752
0 0.49933333333333335 0.393713405238829 0.02286021505376344 0.01209553158705701
0 0.15120430107526883 0.2854391371340524 0.022408602150537634 0.013097072419106317
4 0.5555268817204301 0.2205084745762712 0.022752688172043012 0.012989214175654852
5 0.5174408602150538 0.9073189522342066 0.04427956989247312 0.03808936825885978
4 0.5009892473118279 0.22637904468412942 0.028795698924731186 0.01551617873651772
4 0.5789462365591398 0.2044684129429892 0.03027956989247312 0.015624036979969185
5 0.23249462365591397 0.5578582434514638 0.026473118279569892 0.014591679506933745