0 0.26044843049327354 0.58939586645469 0.01966367713004484 0.012511923688394277
0 0.24807174887892378 0.5810492845786964 0.019417040358744395 0.010333863275039745
0 0.3077578475336323 0.5076470588235295 0.016031390134529148 0.013481717011128776
0 0.29865470852017934 0.5409379968203497 0.01829596412556054 0.010747217806041334
4 0.4834529147982063 0.2980445151033386 0.019484304932735425 0.011860095389507155
0 0.31168161434977576 0.2694276629570747 0.021838565022421524 0.011049284578696344
4 0.5964125560538116 0.2419713831478537 0.03461883408071749 0.023863275039745627
0 0.26921524663677127 0.6282511923688394 0.024887892376681615 0.016057233704292528
0 0.8406053811659193 0.5142130365659777 0.02159192825112108 0.010492845786963434
4 0.8556726457399103 0.44219395866454686 0.02103139013452915 0.01960254372019078
4 0.8619955156950673 0.4653259141494436 0.015224215246636771 0.011049284578696344
4 0.8400448430493274 0.46758346581876 0.02044843049327354 0.01233704292527822
0 0.3137892376681614 0.604308426073132 0.019887892376681614 0.011701112877583466
0 0.3891704035874439 0.2671224165341813 0.01923766816143498 0.011303656597774246
0 0.30571748878923766 0.144181240063593 0.020112107623318387 0.010492845786963434