0 0.5004280155642024 0.48416342412451363 0.023249027237354083 0.02570038910505837
1 0.6815953307392996 0.5706420233463035 0.022120622568093384 0.02058365758754864
1 0.36690661478599224 0.6214591439688716 0.020350194552529184 0.022957198443579768
5 0.48046692607003894 0.28575875486381325 0.021245136186770427 0.022976653696498057
0 0.6345136186770428 0.28538910505836573 0.03599221789883268 0.031011673151750973
5 0.5899221789883269 0.2666926070038911 0.028521400778210117 0.022801556420233463
0 0.5579961089494163 0.3093774319066148 0.023054474708171204 0.024980544747081713
0 0.6055252918287938 0.3230739299610895 0.02468871595330739 0.023151750972762647
0 0.4566536964980545 0.6066731517509727 0.026906614785992218 0.02149805447470817
0 0.38249027237354083 0.5476459143968871 0.023813229571984437 0.022782101167315178
5 0.369727626459144 0.24068093385214007 0.0256420233463035 0.029182879377431907
5 0.5005252918287937 0.288852140077821 0.015778210116731518 0.020408560311284046
5 0.6678210116731518 0.6665175097276264 0.022295719844357978 0.031342412451361865
5 0.4024708171206226 0.29021400778210116 0.029474708171206225 0.017684824902723734
1 0.6224708171206226 0.6095525291828794 0.026614785992217897 0.02517509727626459