4 0.1410557184750733 0.6529947643979058 0.024193548387096774 0.014785340314136124
0 0.6125366568914956 0.8526596858638743 0.022976539589442815 0.014795811518324608
4 0.6956451612903226 0.5592984293193717 0.019296187683284456 0.011717277486910994
0 0.5209970674486804 0.8966806282722514 0.02917888563049853 0.01581151832460733
4 0.8666422287390029 0.5779057591623037 0.021480938416422287 0.011371727748691099
4 0.7222873900293255 0.5948376963350785 0.020967741935483872 0.012827225130890052
0 0.5145454545454545 0.1260523560209424 0.02057184750733138 0.01042931937172775
5 0.09810850439882697 0.5952670157068063 0.026466275659824047 0.011958115183246073
4 0.07821114369501467 0.5746178010471205 0.0232258064516129 0.013329842931937173
4 0.8914956011730205 0.4795602094240838 0.019574780058651025 0.01606282722513089
0 0.8424340175953079 0.27280628272251306 0.023504398826979474 0.012984293193717278
1 0.6770674486803518 0.927759162303665 0.019838709677419353 0.014869109947643979
4 0.19838709677419356 0.6116544502617801 0.017551319648093842 0.011748691099476441
4 0.8065982404692082 0.6337696335078534 0.02247800586510264 0.01236649214659686
4 0.8452052785923753 0.6829214659685865 0.023797653958944284 0.013099476439790576