0 0.35679738562091506 0.16808510638297872 0.0284640522875817 0.030567375886524823
0 0.6773366013071895 0.5428132387706857 0.017450980392156864 0.02260047281323877
5 0.6438071895424836 0.20995271867612295 0.020212418300653595 0.029243498817966902
5 0.6323202614379085 0.24713947990543736 0.03764705882352941 0.03453900709219858
5 0.3972222222222222 0.3056264775413712 0.0284640522875817 0.031891252955082744
5 0.4224673202614379 0.18004728132387707 0.020212418300653595 0.019929078014184396
5 0.39905228758169936 0.10099290780141844 0.022957516339869283 0.03453900709219858
5 0.4931862745098039 0.26243498817966904 0.025718954248366014 0.02789598108747045
5 0.534983660130719 0.2591016548463357 0.0284640522875817 0.031891252955082744
5 0.4082352941176471 0.02458628841607565 0.0284640522875817 0.02789598108747045
5 0.6075326797385621 0.9008983451536643 0.01562091503267974 0.02392434988179669
5 0.5239542483660131 0.9467375886524824 0.017450980392156864 0.02260047281323877