0 0.45490500863557853 0.2709313725490196 0.022538860103626945 0.018415032679738562
0 0.48053540587219346 0.3184313725490196 0.022538860103626945 0.02035947712418301
0 0.4794991364421416 0.24766339869281045 0.022538860103626945 0.01647058823529412
0 0.33606217616580314 0.7299019607843137 0.020483592400690847 0.017450980392156864
0 0.3934369602763385 0.8365359477124182 0.014352331606217617 0.01937908496732026
3 0.5302245250431779 0.7953431372549019 0.02151986183074266 0.018415032679738562
0 0.6234542314335061 0.7735294117647058 0.017409326424870468 0.01357843137254902
0 0.5758203799654577 0.5408823529411765 0.01844559585492228 0.017450980392156864
0 0.39138169257340244 0.5636601307189543 0.016390328151986183 0.01454248366013072
0 0.539447322970639 0.24330065359477124 0.025613126079447324 0.01937908496732026
0 0.5717098445595855 0.24911764705882355 0.020483592400690847 0.017450980392156864
0 0.5753022452504318 0.30630718954248365 0.0153713298791019 0.01357843137254902
0 0.6367702936096719 0.30970588235294116 0.0153713298791019 0.02035947712418301
0 0.6296027633851469 0.3368464052287582 0.02151986183074266 0.01647058823529412
0 0.47079447322970636 0.8219934640522876 0.019464594127806562 0.015506535947712419
0 0.5553195164075992 0.8379901960784314 0.020483592400690847 0.01647058823529412
0 0.3708981001727116 0.7580228758169935 0.020483592400690847 0.02326797385620915
0 0.42160621761658035 0.8341176470588235 0.029706390328151984 0.018415032679738562
0 0.5957858376511226 0.8113235294117647 0.029706390328151984 0.02519607843137255
0 0.5942487046632124 0.3072712418300654 0.022538860103626945 0.017450980392156864
0 0.31659758203799654 0.6959803921568627 0.01844559585492228 0.021323529411764706
0 0.5814507772020726 0.6504248366013072 0.023557858376511226 0.017450980392156864
0 0.6129533678756476 0.567156862745098 0.017184801381692573 0.019362745098039216
0 0.34595854922279795 0.5636764705882353 0.018169257340241794 0.01423202614379085
0 0.5727806563039723 0.8056209150326797 0.01998272884283247 0.014264705882352941