0 0.16556272401433691 0.6865230613279271 0.03398566308243727 0.022179422199695892
5 0.2687885304659498 0.6319817536746073 0.02582795698924731 0.015468829194120627
1 0.8479211469534049 0.46078560567663457 0.025756272401433692 0.018601115053218452
5 0.6212831541218639 0.5796198682209832 0.02495340501792115 0.018616320324379116
3 0.17648028673835126 0.5818043588443994 0.03513261648745519 0.028464267612772425
1 0.4508745519713262 0.6258489609731374 0.020724014336917562 0.01567156614292955
1 0.6205663082437276 0.659908768373036 0.023519713261648745 0.016487582361885453
0 0.6497562724014336 0.24691839837810442 0.023921146953405015 0.01614799797263051
0 0.34327598566308243 0.18083122149011657 0.0209247311827957 0.013634059807399897
4 0.35695340501792117 0.25983781044095283 0.022372759856630824 0.013801317790167258
0 0.5997491039426524 0.13373035985808415 0.017584229390681005 0.013867207298530157