3 0.3150777777777778 0.5813916666666666 0.03331111111111111 0.015616666666666666
3 0.6731777777777778 0.254525 0.027755555555555558 0.017699999999999997
3 0.6329222222222222 0.5990916666666667 0.027755555555555558 0.013533333333333331
5 0.31854444444444446 0.33988333333333337 0.029144444444444445 0.019775
5 0.2770888888888889 0.610525 0.036088888888888886 0.03123333333333333
5 0.6023888888888889 0.5381916666666667 0.027755555555555558 0.018741666666666667
5 0.2866222222222222 0.16239166666666668 0.0236 0.018741666666666667
0 0.29494444444444445 0.18425833333333336 0.02082222222222222 0.014575
5 0.4032111111111111 0.14574166666666666 0.037477777777777777 0.018741666666666667
0 0.4788555555555556 0.13793333333333335 0.036088888888888886 0.015616666666666666
5 0.4635888888888889 0.3534166666666667 0.04441111111111111 0.030191666666666665
5 0.36643333333333333 0.2987666666666666 0.030533333333333332 0.020816666666666667
5 0.39626666666666666 0.27638333333333337 0.029144444444444445 0.017699999999999997
5 0.4892666666666666 0.2524416666666667 0.03192222222222222 0.023941666666666667
0 0.7175888888888889 0.5532916666666667 0.030533333333333332 0.021858333333333334
5 0.5378444444444445 0.28002499999999997 0.04025555555555555 0.024983333333333333
5 0.5982222222222222 0.26493333333333335 0.04441111111111111 0.017699999999999997
5 0.5905888888888888 0.24203333333333332 0.05413333333333333 0.028108333333333332
5 0.6350111111111111 0.16239166666666668 0.037477777777777777 0.03123333333333333
5 0.5177222222222222 0.15666666666666668 0.05274444444444444 0.023941666666666667
5 0.4622 0.46636666666666665 0.024988888888888887 0.020816666666666667
5 0.6595 0.61495 0.018644444444444446 0.011433333333333334
5 0.6655444444444445 0.5864250000000001 0.01806666666666667 0.012658333333333332
5 0.6882222222222222 0.579625 0.015922222222222223 0.012008333333333333