5 0.6400686106346484 0.6854922279792747 0.034322469982847346 0.02299222797927461
5 0.3611492281303602 0.6957512953367876 0.015591766723842194 0.020816062176165804
5 0.38367066895368784 0.6923316062176166 0.01469982847341338 0.019313471502590673
0 0.45329331046312177 0.7285621761658032 0.02142367066895369 0.015816062176165803
5 0.3800514579759863 0.718341968911917 0.019313893653516295 0.012202072538860104
5 0.5835849056603774 0.7090284974093264 0.01555746140651801 0.012810880829015546
5 0.33758147512864495 0.6486917098445596 0.014030874785591766 0.01321243523316062
5 0.6093653516295026 0.4705699481865285 0.032487135506003434 0.025854922279792747
5 0.38193825042881646 0.5351813471502591 0.017169811320754718 0.012435233160621761
5 0.3872041166380789 0.47208549222797924 0.017015437392795884 0.01290155440414508
5 0.4506174957118353 0.3871502590673575 0.02250428816466552 0.015479274611398962
3 0.46488850771869633 0.2927331606217617 0.0355917667238422 0.02694300518134715
5 0.4527615780445969 0.36306994818652855 0.019674099485420243 0.013121761658031089
0 0.4527615780445969 0.33006476683937824 0.019674099485420243 0.020764248704663212
0 0.43010291595197253 0.3286528497409326 0.015969125214408235 0.022448186528497407
5 0.5009262435677531 0.2628626943005181 0.018473413379073756 0.014818652849740932
5 0.6190394511149228 0.20678756476683935 0.02157804459691252 0.015829015544041453
5 0.5011492281303602 0.2797020725388601 0.01655231560891938 0.012564766839378237
5 0.5506518010291594 0.7103367875647668 0.027530017152658664 0.016930051813471503
5 0.5488679245283019 0.7265544041450777 0.02516295025728988 0.01255181347150259
5 0.5204802744425386 0.7464378238341969 0.01951972555746141 0.015466321243523316
5 0.5343053173241853 0.6845725388601036 0.01862778730703259 0.011204663212435234
5 0.59704974271012 0.6540932642487046 0.018010291595197257 0.014922279792746114
5 0.6907032590051458 0.614961139896373 0.020960548885077188 0.015699481865284973
5 0.4156603773584906 0.6970336787564767 0.04017152658662093 0.03266839378238342
1 0.5366552315608919 0.6506606217616581 0.02006861063464837 0.012072538860103628