3 0.5649613899613899 0.4245217391304348 0.032818532818532815 0.035782608695652175
0 0.5268339768339768 0.6731521739130434 0.02859073359073359 0.025043478260869563
5 0.5358301158301159 0.6254565217391304 0.02965250965250965 0.03695652173913044
5 0.5649613899613899 0.6737608695652174 0.02646718146718147 0.023847826086956524
0 0.645965250965251 0.7500652173913043 0.03177606177606178 0.031
0 0.6936293436293437 0.9086739130434783 0.036003861003861 0.033391304347826084
0 0.503011583011583 0.49428260869565216 0.027528957528957527 0.025043478260869563
5 0.5527799227799227 0.5056086956521739 0.046602316602316604 0.04530434782608696
5 0.4077027027027027 0.762 0.036003861003861 0.050086956521739126
5 0.7915830115830116 0.29156521739130437 0.032818532818532815 0.051282608695652175
5 0.5623166023166023 0.46208695652173915 0.023301158301158302 0.025043478260869563
5 0.4715444015444015 0.7121956521739131 0.02895752895752896 0.03117391304347826