0 0.610203125 0.5138100820633059 0.042312499999999996 0.030082063305978898
0 0.588484375 0.6203282532239156 0.0300625 0.030914419695193436
5 0.65084375 0.6541617819460727 0.032296875 0.02004689331770223
5 0.6619843750000001 0.6311840562719813 0.023390625 0.0258968347010551
5 0.71153125 0.6257561547479484 0.035625000000000004 0.02506447831184056
0 0.732125 0.7072098475967175 0.032296875 0.024232121922626026
0 0.72434375 0.7794841735052754 0.03896875 0.02338804220398593
0 0.557875 0.5493083235638921 0.042312499999999996 0.032579132473622506
0 0.51721875 0.5647713950762017 0.02784375 0.02004689331770223
0 0.496625 0.5292614302461899 0.03340625 0.02089097303634232
5 0.515546875 0.43861664712778425 0.026718750000000003 0.018382180539273152
5 0.7092968749999999 0.5981828839390387 0.044546875 0.02672919109026964
5 0.689265625 0.6696131301289565 0.03340625 0.02089097303634232