0 0.3118276762402089 0.55386 0.036997389033942556 0.02414
0 0.260443864229765 0.39426 0.03838120104438642 0.019940000000000003
0 0.1302088772845953 0.5192 0.03289817232375979 0.03254
0 0.2248041775456919 0.494 0.024673629242819843 0.030440000000000002
5 0.231644908616188 0.44886000000000004 0.02741514360313316 0.01574
5 0.1966840731070496 0.40948 0.036997389033942556 0.0252
5 0.1939425587467363 0.36854000000000003 0.03973890339425588 0.033600000000000005
5 0.34062663185378594 0.16326 0.036997389033942556 0.02624
5 0.37830287206266316 0.1281 0.03015665796344648 0.033600000000000005
5 0.15214099216710184 0.6137 0.03015665796344648 0.019940000000000003
5 0.7059007832898173 0.43677999999999995 0.03289817232375979 0.023100000000000002
0 0.9286422976501306 0.17534 0.04248041775456919 0.0315
5 0.24054830287206266 0.5417799999999999 0.05618798955613577 0.023100000000000002
5 0.16723237597911225 0.46776 0.041122715404699736 0.030440000000000002