0 0.5884630350194553 0.25706225680933853 0.029747081712062255 0.019124513618677043
0 0.5757198443579767 0.14552529182879376 0.019124513618677043 0.014863813229571983
0 0.5868677042801556 0.059474708171206224 0.028677042801556422 0.019124513618677043
0 0.403112840466926 0.13383268482490274 0.02443579766536965 0.023365758754863814
0 0.6665369649805448 0.23103112840466927 0.018054474708171207 0.013813229571984435
5 0.45036964980544747 0.21297665369649804 0.025486381322957198 0.035058365758754866
5 0.3553112840466926 0.11258754863813229 0.022315175097276266 0.021245136186770427
5 0.5464980544747081 0.24058365758754863 0.03293774319066148 0.022315175097276266
5 0.4811867704280156 0.07383268482490273 0.033988326848249026 0.02443579766536965
0 0.5677431906614786 0.10143968871595331 0.026556420233463034 0.026556420233463034
5 0.48595330739299614 0.9278404669260701 0.03293774319066148 0.030797665369649806
2 0.25089494163424125 0.20507782101167316 0.027159533073929962 0.022470817120622568
1 0.45060311284046695 0.9073540856031128 0.027607003891050582 0.02570038910505837
1 0.21509727626459144 0.05408560311284047 0.027470817120622566 0.022295719844357978
4 0.3545914396887159 0.02284046692607004 0.030214007782101166 0.03149805447470817
0 0.5978210116731517 0.2300194552529183 0.017451361867704282 0.011789883268482489