0 0.8377442159383033 0.6289930555555556 0.045803341902313624 0.040159143518518514
0 0.6677859897172237 0.6072858796296297 0.02892994858611825 0.02062210648148148
0 0.6750160668380463 0.6626417824074075 0.04098329048843188 0.027135416666666665
0 0.6852634961439589 0.7662962962962964 0.027724935732647817 0.028220486111111113
0 0.6515134961439588 0.7581568287037037 0.032544987146529564 0.02279224537037037
5 0.7563817480719794 0.6729513888888888 0.03013496143958869 0.023880208333333333
5 0.7274517994858611 0.701171875 0.04218830334190231 0.030390625
5 0.6298168380462725 0.8287094907407407 0.03736825192802057 0.02279224537037037
5 0.3272622107969152 0.2800347222222222 0.027724935732647817 0.028220486111111113
0 0.45684125964010286 0.24475983796296297 0.026519922879177378 0.02279224537037037
5 0.593913881748072 0.8478414351851852 0.0219633676092545 0.027841435185185184