3 0.6173586118251928 0.7969068287037038 0.028547557840616966 0.02088541666666667
3 0.43089974293059125 0.8607725694444445 0.019627249357326477 0.013657407407407408
0 0.558030205655527 0.7796354166666667 0.02408740359897172 0.023295717592592594
5 0.4978116966580977 0.7442881944444445 0.023194087403598972 0.024904513888888886
5 0.589254498714653 0.7414785879629631 0.018733933161953726 0.019279513888888888
0 0.6490263496143959 0.53140625 0.022303984575835475 0.010442708333333335
0 0.7092480719794344 0.30366030092592594 0.023194087403598972 0.02088541666666667
0 0.4407133676092545 0.4269733796296296 0.030330976863753214 0.029722222222222223
0 0.5058386889460155 0.3739525462962963 0.02498071979434447 0.01847800925925926
0 0.6186953727506427 0.35105613425925924 0.029440874035989717 0.016067708333333333
5 0.5629370179948586 0.7205902777777778 0.026764138817480722 0.02410011574074074
0 0.5731973007712082 0.9575752314814815 0.020520565552699228 0.017673611111111112
5 0.6084350899742931 0.9816753472222223 0.03211760925449871 0.02410011574074074