0 0.47667737789203085 0.7811979166666667 0.0200706940874036 0.02258969907407407
5 0.2197718508997429 0.6709548611111111 0.028097686375321337 0.020784143518518518
5 0.13798521850899745 0.4658275462962963 0.02709511568123393 0.02982060185185185
5 0.530366323907455 0.6379716435185185 0.021073264781491 0.014458912037037037
0 0.3833483290488432 0.7875231481481481 0.02408419023136247 0.020784143518518518
0 0.3612692802056555 0.8001736111111112 0.02207904884318766 0.015361689814814816
5 0.1525353470437018 0.7084548611111111 0.03211439588688946 0.028917824074074075
0 0.13948907455012852 0.9058998842592593 0.02408419023136247 0.024398148148148145
5 0.40843508997429306 0.7586082175925926 0.02609254498714653 0.020784143518518518
5 0.11841580976863753 0.6881221064814815 0.02408419023136247 0.018975694444444444
5 0.19017030848329047 0.7405353009259259 0.021073264781491 0.015361689814814816
5 0.1721047557840617 0.7540885416666667 0.021073264781491 0.018975694444444444
5 0.3848521850899743 0.7319502314814814 0.029103470437017994 0.028917824074074075
3 0.27898136246786637 0.28238715277777776 0.0200706940874036 0.01717013888888889