0 0.5653307392996109 0.4111089494163424 0.02217898832684825 0.024105058365758755
5 0.47616731517509725 0.4356809338521401 0.03278210116731518 0.021206225680933853
0 0.6135408560311284 0.4501556420233463 0.024105058365758755 0.02698443579766537
0 0.45208171206225684 0.8819844357976653 0.038560311284046696 0.028910505836575874
5 0.4000194552529183 0.8598054474708171 0.03663424124513618 0.03278210116731518
5 0.4621984435797665 0.9239105058365759 0.033735408560311285 0.03180933852140078
5 0.6757003891050584 0.7585992217898833 0.019280155642023348 0.02698443579766537
0 0.7022178988326848 0.6501556420233463 0.0395136186770428 0.02988326848249027
0 0.30556420233463033 0.3956809338521401 0.02698443579766537 0.020233463035019456
5 0.5807587548638132 0.8930739299610896 0.024105058365758755 0.027957198443579766
0 0.44774319066147855 0.6492023346303502 0.02603112840466926 0.02217898832684825
0 0.41544747081712063 0.710408560311284 0.02313229571984436 0.025058365758754864
5 0.42219844357976655 0.910408560311284 0.021206225680933853 0.024105058365758755