0 0.41020312499999995 0.24105509964830013 0.0338125 0.02349355216881594
5 0.373890625 0.5986400937866354 0.023796875000000002 0.02443141852286049
5 0.56678125 0.6221336459554513 0.0338125 0.02443141852286049
5 0.516046875 0.6348182883939039 0.0325625 0.02161781946072685
5 0.423984375 0.5840679953106682 0.0338125 0.02349355216881594
5 0.636265625 0.49172332942555685 0.02603125 0.017702227432590856
5 0.505265625 0.264021101992966 0.02765625 0.017702227432590856
0 0.523578125 0.3214067995310669 0.021968750000000002 0.01526377491207503
5 0.692390625 0.45327080890973037 0.01953125 0.016483001172332944
5 0.371828125 0.1895427901524033 0.021156249999999998 0.014044548651817116
5 0.397453125 0.19686987104337633 0.02521875 0.01892145369284877