0 0.5429766536964981 0.38715953307393 0.024552529182879375 0.01889105058365759
0 0.5731906614785992 0.39896887159533073 0.033988326848249026 0.025505836575875487
0 0.662898832684825 0.7086964980544747 0.028326848249027238 0.01793774319066148
0 0.4216342412451362 0.4187937743190661 0.019824902723735407 0.019824902723735407
0 0.39850194552529183 0.41926070038910507 0.033988326848249026 0.01889105058365759
0 0.20396887159533075 0.6789494163424125 0.026439688715953306 0.022665369649805447
5 0.2903696498054475 0.7058560311284047 0.029280155642023346 0.019824902723735407
0 0.50284046692607 0.43957198443579765 0.02359922178988327 0.019824902723735407
5 0.3224708171206226 0.698307392996109 0.02171206225680934 0.019824902723735407
0 0.4447665369649806 0.4414591439688716 0.024552529182879375 0.02171206225680934
4 0.5103112840466927 0.3533073929961089 0.039357976653696496 0.032762645914396885
0 0.47700389105058366 0.486011673151751 0.017140077821011675 0.015914396887159534
0 0.602023346303502 0.3687743190661479 0.016926070038910505 0.01735408560311284
0 0.46303501945525294 0.4037354085603113 0.01747081712062257 0.020700389105058368