4 0.8255836575875487 0.6289688715953308 0.03947470817120623 0.019377431906614787
0 0.7950972762645915 0.2479182879377432 0.02153696498054475 0.01793774319066148
0 0.6605447470817121 0.2759143968871595 0.019377431906614787 0.015077821011673152
4 0.3939494163424125 0.5586381322957198 0.02153696498054475 0.01793774319066148
4 0.41943579766536965 0.5564980544747082 0.022237354085603112 0.01793774319066148
0 0.5321011673151751 0.04054474708171206 0.01793774319066148 0.015077821011673152
4 0.8273735408560311 0.5528988326848249 0.02009727626459144 0.019377431906614787
4 0.4571011673151751 0.5902140077821012 0.02153696498054475 0.015077821011673152
4 0.46607003891050586 0.6659338521400778 0.02367704280155642 0.015778210116731518
4 0.34624513618677044 0.5098443579766537 0.02367704280155642 0.020817120622568092
4 0.555408560311284 0.08680933852140077 0.025233463035019457 0.017529182879377433
4 0.6214396887159533 0.2497859922178988 0.026361867704280156 0.02894941634241245