5 0.5640625 0.6984507042253522 0.01753125 0.013169014084507043
5 0.666765625 0.5623356807511737 0.019203124999999998 0.01693661971830986
5 0.558640625 0.5366197183098591 0.023375 0.014424882629107981
5 0.566984375 0.5817723004694836 0.025046875000000003 0.01693661971830986
5 0.600390625 0.5893075117370892 0.025046875000000003 0.014424882629107981
5 0.58159375 0.6259976525821597 0.022546875 0.01505868544600939
5 0.61040625 0.6131338028169014 0.026718750000000003 0.023204225352112674
5 0.623765625 0.5729929577464788 0.016703125 0.014424882629107981
5 0.53525 0.6238028169014085 0.018375 0.018192488262910797
5 0.63796875 0.5193661971830986 0.023375 0.011291079812206572
5 0.44548437500000004 0.7542723004694836 0.020874999999999998 0.011913145539906104
5 0.52565625 0.6401056338028169 0.022546875 0.014424882629107981
5 0.53859375 0.6504577464788733 0.021703125 0.016302816901408453
5 0.229640625 0.32773474178403755 0.018375 0.014424882629107981
0 0.34278125 0.1938262910798122 0.015859375000000002 0.01505868544600939
0 0.32065625 0.18723004694835682 0.023375 0.01693661971830986
5 0.50603125 0.5378638497652583 0.0300625 0.018192488262910797
5 0.5419375 0.5115258215962442 0.020046875 0.018192488262910797
5 0.54903125 0.6096948356807512 0.022546875 0.01755868544600939
5 0.569484375 0.6661384976525822 0.023375 0.01380281690140845
5 0.5210625 0.66268779342723 0.018375 0.013169014084507043
5 0.602890625 0.5695422535211268 0.021703125 0.01505868544600939