5 0.4136875 0.5539273153575616 0.013421875 0.014654161781946073
5 0.44571875 0.5605627198124268 0.01403125 0.009613130128956622
5 0.3825625 0.6145838218053927 0.010984375000000001 0.011441969519343493
5 0.4054375 0.49395076201641264 0.017687500000000002 0.011899179366940212
5 0.41459375 0.4612192262602579 0.01403125 0.011441969519343493
5 0.389578125 0.4850293083235639 0.01403125 0.01052754982415006
5 0.380421875 0.4740445486518171 0.017687500000000002 0.008698710433763189
5 0.427109375 0.537221570926143 0.01953125 0.01052754982415006
5 0.431015625 0.5226846424384526 0.013718749999999998 0.00914419695193435
0 0.48475 0.5089683470105509 0.013718749999999998 0.0074325908558030476
5 0.40815625000000005 0.5118171160609613 0.016 0.014302461899179365
5 0.410625 0.5272684642438452 0.015625 0.010867526377491207
5 0.43996874999999996 0.43376318874560377 0.012578125 0.0068581477139507616
5 0.496 0.4247596717467761 0.0118125 0.0065767878077373975
5 0.5590625 0.23818288393903866 0.013718749999999998 0.0074325908558030476
0 0.61165625 0.21159437280187574 0.0114375 0.006295427901524033
5 0.43178124999999995 0.5947479484173506 0.0114375 0.008581477139507621
5 0.46665625000000005 0.5787338804220399 0.010296875 0.008581477139507621
5 0.3708125 0.46021101992966 0.009140625 0.008862837045720984
5 0.462453125 0.5471395076201641 0.010296875 0.010011723329425556