5 0.3819444444444444 0.59188 0.01513888888888889 0.00902
5 0.2699722222222222 0.51312 0.01338888888888889 0.011519999999999999
5 0.2795 0.6379400000000001 0.01513888888888889 0.00592
5 0.5399722222222222 0.54006 0.015555555555555555 0.00934
5 0.5159722222222223 0.63654 0.01338888888888889 0.00996
5 0.4943611111111111 0.6423 0.018583333333333334 0.0077800000000000005
5 0.41566666666666663 0.41804 0.018583333333333334 0.01246
5 0.36986111111111114 0.38582 0.018583333333333334 0.00902
5 0.3942777777777778 0.40154 0.020749999999999998 0.01182
5 0.35774999999999996 0.43406 0.018583333333333334 0.011519999999999999
5 0.4716666666666667 0.5195 0.021611111111111112 0.00996
5 0.5298055555555555 0.59374 0.022916666666666665 0.01214
5 0.5336944444444445 0.50162 0.017722222222222223 0.008400000000000001
5 0.5677777777777778 0.58528 0.017638888888888888 0.01002
5 0.5575555555555556 0.4805 0.013916666666666666 0.00836
5 0.6213888888888889 0.53414 0.017166666666666667 0.00802
5 0.4930277777777778 0.49436 0.017638888888888888 0.01002
0 0.4839722222222222 0.5709 0.01875 0.0105
5 0.6457222222222222 0.53638 0.021361111111111112 0.0105
5 0.5319166666666667 0.51876 0.022916666666666665 0.0105
5 0.4477777777777777 0.5952799999999999 0.014055555555555554 0.00826