5 0.6227 0.18005333333333332 0.05001666666666667 0.030013333333333336
5 0.30946666666666667 0.6212 0.06876666666666666 0.05001333333333333
1 0.6777166666666666 0.5611733333333333 0.03001666666666667 0.028013333333333335
1 0.24258333333333335 0.6932133333333332 0.02751666666666667 0.02
5 0.35136666666666666 0.7922533333333334 0.032516666666666666 0.030013333333333336
5 0.6633333333333333 0.8222533333333334 0.03376666666666667 0.036013333333333335
5 0.6295666666666667 0.8232533333333334 0.02876666666666667 0.024013333333333334
5 0.44076666666666664 0.14204 0.03626666666666667 0.024013333333333334
5 0.13505 0.35161333333333333 0.032516666666666666 0.031013333333333334
0 0.382 0.8522666666666667 0.03126666666666667 0.022013333333333336
5 0.65395 0.8572666666666667 0.04001666666666667 0.026013333333333336
5 0.35573333333333335 0.8727733333333334 0.02625 0.021
5 0.3194666666666667 0.26308 0.03126666666666667 0.024013333333333334
1 0.39135000000000003 0.5314133333333333 0.020433333333333335 0.016346666666666666
1 0.8325833333333333 0.5799866666666667 0.022850000000000002 0.02308