0 0.37332684824902723 0.5121595330739299 0.02017509727626459 0.013715953307392996
0 0.6526070038910505 0.7123540856031128 0.018560311284046692 0.010486381322957199
0 0.6171011673151751 0.63284046692607 0.015330739299610895 0.01130350194552529
5 0.4427431906614786 0.16426070038910506 0.02017509727626459 0.016945525291828797
5 0.31439688715953307 0.29704280155642027 0.023404669260700388 0.01453307392996109
5 0.5989299610894943 0.2873540856031128 0.02583657587548638 0.019377431906614787
5 0.6098249027237354 0.18120622568093386 0.028249027237354084 0.018560311284046692
5 0.5694357976653697 0.29214007782101165 0.022062256809338522 0.015214007782101168
5 0.56715953307393 0.8923929961089494 0.023579766536964978 0.019785992217898833
0 0.756964980544747 0.6595914396887159 0.012178988326848248 0.010642023346303502
5 0.6455252918287938 0.575136186770428 0.017490272373540856 0.010642023346303502