5 0.5595719844357977 0.6289105058365758 0.024396887159533073 0.019377431906614787
5 0.5535603112840466 0.4273346303501946 0.02149805447470817 0.01573929961089494
5 0.610953307392996 0.2763424124513619 0.0195136186770428 0.020350194552529184
5 0.6311089494163424 0.3588715953307393 0.0306420233463035 0.02132295719844358
5 0.6283657587548639 0.8229961089494163 0.017859922178988328 0.017957198443579767
5 0.6457976653696498 0.8559922178988327 0.016206225680933852 0.01766536964980545
5 0.6530544747081712 0.811147859922179 0.0216147859922179 0.03071984435797665
5 0.6775875486381322 0.7641828793774319 0.030564202334630353 0.027957198443579766
5 0.7207976653696498 0.732568093385214 0.022120622568093384 0.030992217898832684
5 0.3293579766536965 0.6770233463035019 0.01282101167315175 0.014377431906614785
5 0.28328793774319067 0.3000389105058366 0.024552529182879375 0.014941634241245135