0 0.4178333333333334 0.3627057079318013 0.025355555555555555 0.012987398072646405
0 0.6172074074074074 0.42449962935507785 0.018033333333333332 0.008601433160365704
0 0.6133259259259259 0.4818013343217198 0.012248148148148149 0.005166790214974055
5 0.3907333333333333 0.38520879663948604 0.010048148148148148 0.007813194959229058
5 0.3878222222222222 0.4078008401284902 0.007344444444444444 0.0043538423523597726
0 0.6473518518518518 0.4323350630096368 0.0115 0.006046454163577959
5 0.6463555555555556 0.44789720780825304 0.011596296296296296 0.006214479861625895
5 0.6255777777777778 0.43628613787991105 0.008603703703703704 0.005102545095132196
5 0.41030370370370367 0.43995058067704473 0.011662962962962962 0.006115641215715345
5 0.41658518518518517 0.44922411662960215 0.008585185185185185 0.0063429701013096125
5 0.5778814814814814 0.496590066716086 0.010151851851851851 0.0075784531751915
5 0.40708148148148143 0.4080207561156412 0.009377777777777778 0.006691376328144304
5 0.37663703703703705 0.39819372374598466 0.00791111111111111 0.004094390906844577
5 0.6577740740740741 0.432510501606128 0.009344444444444445 0.0063948603904126515
5 0.6547666666666666 0.4157795898196195 0.01278148148148148 0.005782060785767235