5 0.3811673151750973 0.5393190661478598 0.017529182879377433 0.019377431906614787
5 0.6287743190661479 0.46396887159533073 0.01764591439688716 0.018832684824902725
5 0.35494163424124514 0.5121400778210117 0.007996108949416342 0.016031128404669262
5 0.3478793774319066 0.4827431906614786 0.023268482490272375 0.012470817120622568
5 0.33910505836575877 0.509455252918288 0.01840466926070039 0.012062256809338522
5 0.32955252918287936 0.4942217898832685 0.013365758754863814 0.011342412451361868
5 0.33509727626459146 0.4682101167315175 0.015077821011673152 0.010330739299610894
5 0.33653696498054475 0.5329377431906615 0.01642023346303502 0.015
5 0.6580155642023346 0.5091634241245135 0.021556420233463037 0.014202334630350194
5 0.6574124513618678 0.43083657587548635 0.01566147859922179 0.013365758754863814
5 0.466420233463035 0.23217898832684825 0.020428015564202335 0.014571984435797665
5 0.42867704280155644 0.2525486381322957 0.015097276264591439 0.01282101167315175
5 0.5448249027237354 0.4259727626459144 0.01819066147859922 0.013696498054474707