3 0.5508958333333334 0.5009821428571428 0.036375000000000005 0.020117187499999998
3 0.47872916666666665 0.5550446428571428 0.03519791666666667 0.013828125
3 0.3907291666666667 0.6065848214285714 0.03989583333333333 0.017600446428571427
3 0.47344791666666663 0.6188448660714286 0.03403125 0.018231026785714286
3 0.26517708333333334 0.5836439732142857 0.03519791666666667 0.021997767857142858
0 0.33323958333333337 0.561328125 0.03755208333333333 0.01634486607142857
5 0.3003854166666667 0.7055859375000001 0.04458333333333333 0.018231026785714286
5 0.43004166666666666 0.7033872767857143 0.036375000000000005 0.018856026785714287
5 0.5726041666666667 0.5685546875 0.03755208333333333 0.01696986607142857
5 0.4986770833333333 0.5905580357142857 0.04223958333333333 0.019486607142857142
5 0.47228125 0.5298995535714286 0.024635416666666667 0.013828125
5 0.33734375 0.6009263392857143 0.05280208333333333 0.03142857142857143
5 0.4276875 0.6238727678571429 0.024635416666666667 0.014458705357142857
5 0.4851875 0.6669308035714286 0.0410625 0.017600446428571427
1 0.8372395833333334 0.7373716517857142 0.03432291666666667 0.017416294642857145
1 0.7451145833333332 0.6222209821428571 0.030708333333333334 0.0212890625