0 0.3272178988326848 0.5872373540856031 0.0159727626459144 0.014747081712062257
5 0.6844747081712063 0.5933073929961089 0.020797665369649804 0.01461089494163424
5 0.4853891050583658 0.49509727626459143 0.013988326848249027 0.013093385214007783
5 0.47490272373540854 0.5918482490272373 0.02 0.01453307392996109
5 0.4047081712062257 0.6482295719844358 0.013093385214007783 0.014221789883268481
5 0.5258560311284047 0.519260700389105 0.00943579766536965 0.009766536964980544
5 0.6096303501945526 0.5367704280155642 0.015058365758754863 0.010719844357976653
5 0.7210505836575876 0.6264202334630351 0.014474708171206226 0.012859922178988327
5 0.5778599221789883 0.7999416342412452 0.014494163424124514 0.01367704280155642
5 0.7213813229571985 0.6953891050583658 0.015155642023346303 0.014357976653696498
5 0.556556420233463 0.45657587548638134 0.024377431906614785 0.030155642023346304
0 0.4011089494163424 0.3184241245136187 0.014863813229571983 0.01706225680933852
0 0.3985408560311284 0.29023346303501946 0.01723735408560311 0.016498054474708174
0 0.5238715953307392 0.4479571984435798 0.017490272373540856 0.01291828793774319
5 0.6962256809338522 0.5462645914396886 0.021828793774319066 0.01723735408560311
4 0.68284046692607 0.28793774319066145 0.037334630350194555 0.0404863813229572