0 0.577375 0.4290269636576788 0.03846875 0.017737397420867527
5 0.582296875 0.45528722157092616 0.021796875 0.018874560375146544
5 0.514 0.49963657678780776 0.0223125 0.018851113716295425
5 0.5244375 0.4841617819460727 0.015140625 0.011254396248534583
5 0.6422656250000001 0.571031652989449 0.021812500000000002 0.011019929660023447
5 0.681125 0.6285345838218054 0.0173125 0.010422039859320048
5 0.513875 0.5392028135990621 0.01740625 0.01041031652989449
5 0.64565625 0.5141266119577961 0.016593749999999997 0.010457209847596717
5 0.755859375 0.48842907385697537 0.014296875 0.010433763188745605
5 0.596125 0.20355216881594373 0.02375 0.010773739742086752
5 0.6940937500000001 0.15732708089097303 0.02096875 0.0094021101992966
5 0.816609375 0.24052754982415003 0.015875 0.008815943728018756