3 0.749936948297604 0.32036995515695066 0.022471626733921817 0.025560538116591928
3 0.5508827238335435 0.35032511210762335 0.03055485498108449 0.023172645739910316
0 0.5684110970996217 0.29920403587443944 0.022471626733921817 0.01997757847533632
0 0.585485498108449 0.3195739910313901 0.022471626733921817 0.019170403587443947
5 0.4461916771752837 0.32077354260089685 0.04044136191677175 0.02476457399103139
0 0.3055485498108449 0.23728699551569507 0.02515762925598991 0.027163677130044844
5 0.5589785624211854 0.21251121076233184 0.023366960907944517 0.019170403587443947
5 0.7050063051702397 0.28201793721973095 0.03145018915510719 0.027163677130044844
3 0.6578310214375788 0.5292937219730942 0.023366960907944517 0.02476457399103139
3 0.37924337957124843 0.603195067264574 0.02515762925598991 0.01757847533632287
3 0.4223707440100883 0.5971973094170404 0.034148802017654474 0.029562780269058297
5 0.27229508196721314 0.6019955156950673 0.021563682219419927 0.01837443946188341
0 0.2826355611601513 0.6179708520179372 0.022471626733921817 0.015179372197309415
3 0.4291172761664565 0.7641704035874439 0.017074401008827237 0.02476457399103139
3 0.5122446406052963 0.7905381165919282 0.017969735182849937 0.01837443946188341
3 0.47585119798234554 0.7645739910313901 0.01887767969735183 0.019170403587443947
3 0.4425977301387138 0.8049215246636772 0.01887767969735183 0.01997757847533632
5 0.4030517023959647 0.791737668161435 0.017074401008827237 0.019170403587443947
3 0.6456998738965951 0.7541928251121076 0.026065573770491804 0.02396860986547085
3 0.6465952080706179 0.6523206278026906 0.02426229508196721 0.023172645739910316
3 0.5899747793190416 0.6375448430493275 0.015271122320302647 0.01757847533632287
3 0.7373644388398487 0.617567264573991 0.02426229508196721 0.025560538116591928
3 0.6052585119798235 0.6447309417040359 0.009886506935687264 0.01757847533632287
5 0.3783354350567465 0.7314237668161434 0.0287515762925599 0.02476457399103139
5 0.39137452711223203 0.7629820627802691 0.017074401008827237 0.01757847533632287
5 0.37744010088272384 0.772567264573991 0.01617906683480454 0.01118834080717489
5 0.4951702395964691 0.5460650224215247 0.017969735182849937 0.01997757847533632
5 0.7229760403530896 0.6455381165919283 0.015271122320302647 0.01757847533632287
5 0.5863808322824716 0.21371076233183856 0.020668348045397227 0.01837443946188341
5 0.30868852459016394 0.7154372197309417 0.01887767969735183 0.01997757847533632