0 0.47741245136186766 0.260408560311284 0.019708171206225682 0.02422178988326848
0 0.40531128404669264 0.2613035019455253 0.023249027237354083 0.015505836575875486
0 0.5587354085603112 0.21682879377431907 0.02077821011673152 0.016731517509727626
0 0.6949416342412451 0.6250972762645914 0.02544747081712062 0.019669260700389105
0 0.6274124513618677 0.2421011673151751 0.02196498054474708 0.016964980544747082
0 0.5241439688715954 0.24815175097276265 0.018560311284046692 0.018735408560311285
0 0.5533852140077821 0.18433852140077822 0.014688715953307393 0.01480544747081712
5 0.541147859922179 0.48947470817120625 0.020252918287937745 0.020836575875486384
5 0.7682490272373541 0.6074708171206226 0.017373540856031128 0.01568093385214008
5 0.7741634241245137 0.6428015564202334 0.022315175097276266 0.023463035019455254
0 0.5713813229571985 0.23657587548638132 0.02068093385214008 0.018813229571984436
0 0.6598443579766538 0.5432295719844359 0.02217898832684825 0.017217898832684823