3 0.6597500000000001 0.5631609870740305 0.03896875 0.041034077555816686
3 0.59684375 0.522972972972973 0.028953125000000003 0.02260869565217391
3 0.619671875 0.5841010575793184 0.041203125 0.02428907168037603
3 0.6725625 0.4844535840188014 0.04009375 0.02260869565217391
5 0.71209375 0.5334312573443009 0.0300625 0.025123384253819034
3 0.62746875 0.7038542890716804 0.041203125 0.029306698002350178
3 0.65084375 0.6494242068155112 0.032296875 0.02260869565217391
5 0.770546875 0.7147356051703878 0.022265625 0.01925969447708578
0 0.676453125 0.7247826086956521 0.03896875 0.025957696827262046
0 0.63025 0.5501880141010576 0.026718750000000003 0.016745005875440658
5 0.694828125 0.6787309048178614 0.031171874999999998 0.02260869565217391
0 0.640265625 0.3123619271445358 0.028953125000000003 0.02344300822561692
5 0.567890625 0.7013396004700353 0.026718750000000003 0.01925969447708578
1 0.31159375 0.7086133960047003 0.021671875 0.023431257344300824