5 0.3862564102564103 0.5734689265536723 0.020786324786324785 0.011536723163841809
5 0.3554529914529915 0.560497175141243 0.021025641025641025 0.011468926553672317
5 0.31017094017094016 0.5678079096045198 0.011042735042735043 0.009220338983050847
5 0.36712820512820515 0.5928587570621469 0.018136752136752136 0.008677966101694915
5 0.5224957264957265 0.5696158192090396 0.01588034188034188 0.010576271186440677
5 0.47622222222222216 0.38263276836158194 0.028307692307692305 0.011649717514124294
5 0.46254700854700853 0.36675706214689263 0.021572649572649573 0.013661016949152543
5 0.4888888888888889 0.6602259887005649 0.021743589743589746 0.012689265536723164
5 0.5291452991452992 0.674949152542373 0.01793162393162393 0.011740112994350283
5 0.46476923076923077 0.6251073446327684 0.022256410256410255 0.011084745762711864
5 0.43222222222222223 0.6010734463276837 0.02088888888888889 0.01703954802259887
5 0.3658119658119658 0.648406779661017 0.017367521367521368 0.011559322033898306
5 0.3956239316239316 0.6319209039548023 0.020786324786324785 0.012327683615819209
5 0.38803418803418804 0.5858079096045198 0.01687179487179487 0.007909604519774011
5 0.27613675213675215 0.6454576271186441 0.016068376068376067 0.011276836158192092
5 0.612 0.44848587570621473 0.024341880341880343 0.013740112994350283
5 0.41423931623931626 0.5756045197740113 0.026153846153846156 0.013457627118644068
5 0.4259145299145299 0.6380451977401129 0.023264957264957264 0.009977401129943502