5 0.5651273344651953 0.412728297632469 0.019117147707979627 0.016505073280721535
5 0.3700509337860781 0.4686020293122886 0.024855687606112054 0.013968432919954905
3 0.722427843803056 0.3965388951521984 0.025823429541595926 0.017147688838782413
5 0.5627334465195246 0.525749718151071 0.03538200339558574 0.019052987598647122
5 0.6621901528013582 0.4600338218714769 0.02198641765704584 0.015873731679819616
5 0.45658743633276744 0.43367531003382187 0.03538200339558574 0.016505073280721535
0 0.5684719864176571 0.6628974069898534 0.02198641765704584 0.016505073280721535
5 0.330848896434635 0.5698759864712515 0.024855687606112054 0.017147688838782413
5 0.3485398981324278 0.618771138669673 0.02198641765704584 0.015873731679819616
5 0.320339558573854 0.6152762119503946 0.019117147707979627 0.016505073280721535
5 0.4188285229202037 0.7232243517474634 0.02295415959252971 0.021589627959413753
5 0.6263157894736842 0.39526493799323564 0.02295415959252971 0.019684329199549044
5 0.5684719864176571 0.6308342728297632 0.03920203735144313 0.017147688838782413