5 0.5481827309236947 0.42298888888888886 0.013072289156626506 0.0118
5 0.48084337349397593 0.5777777777777777 0.011596385542168675 0.022588888888888888
5 0.31724899598393574 0.5823666666666667 0.009568273092369477 0.008533333333333334
5 0.3249096385542169 0.4977666666666667 0.010150602409638554 0.010855555555555556
5 0.5311847389558232 0.4957444444444445 0.011014056224899598 0.011244444444444444
5 0.47078313253012044 0.5496888888888889 0.017329317269076307 0.023955555555555553
5 0.4210943775100402 0.6714444444444444 0.010983935742971887 0.009455555555555556
5 0.31221887550200805 0.31735555555555556 0.007520080321285141 0.009866666666666668
5 0.49132530120481926 0.5551333333333334 0.011656626506024096 0.0094
5 0.4559236947791165 0.48471111111111115 0.012389558232931726 0.012588888888888889
5 0.5353413654618474 0.33818888888888887 0.00929718875502008 0.008388888888888888