0 0.166671875 0.538464243845252 0.024828125 0.016283704572098476
0 0.10565625000000001 0.45956623681125436 0.0241875 0.012145369284876905
0 0.23828125 0.5147479484173505 0.02353125 0.017444314185228606
5 0.34665625 0.6230832356389214 0.02059375 0.014759671746776084
0 0.390625 0.6262016412661195 0.02375 0.015756154747948416
5 0.346390625 0.4927432590855803 0.031625 0.01808909730363423
5 0.34367187499999996 0.5458264947245017 0.030046875 0.02180539273153576
5 0.28726562499999997 0.6280070339976555 0.028984375 0.01936694021101993
5 0.37946875 0.5442555685814772 0.030328125 0.029273153575615475
5 0.381828125 0.5732825322391559 0.02734375 0.01750293083235639
5 0.26378124999999997 0.5612543962485346 0.032125 0.032860492379835876
5 0.350734375 0.6977373974208675 0.022953124999999998 0.012930832356389213
5 0.30789062500000003 0.5477608440797187 0.028046875 0.029507620164126613
5 0.30140625 0.5158264947245017 0.02559375 0.018182883939038687
5 0.24109375000000002 0.6025439624853459 0.0214375 0.01824150058616647
5 0.29681250000000003 0.6921453692848769 0.03265625 0.021219226260257913