5 0.3095112414467253 0.4001319648093841 0.0081524926686217 0.01529325513196481
5 0.32440860215053763 0.282741935483871 0.009296187683284458 0.015000000000000001
5 0.44300097751710654 0.23335777126099708 0.008279569892473118 0.008988269794721407
5 0.33511241446725315 0.4495454545454545 0.007429130009775171 0.010498533724340176
1 0.45837732160312805 0.5832258064516129 0.007673509286412512 0.01181818181818182
5 0.3577517106549365 0.41692082111436946 0.00613880742913001 0.009926686217008797
5 0.36604105571847506 0.4669208211143695 0.00747800586510264 0.01472140762463343
0 0.3979569892473118 0.4645894428152493 0.010420332355816226 0.011304985337243402
5 0.3293743890518084 0.477316715542522 0.011221896383186707 0.022111436950146626
5 0.34697947214076247 0.5595894428152492 0.010566959921798631 0.012052785923753667
5 0.3847409579667644 0.5087536656891496 0.009970674486803518 0.011656891495601174
5 0.3606842619745846 0.509692082111437 0.008416422287390028 0.011099706744868036
0 0.5129325513196481 0.4185630498533724 0.009315738025415445 0.010674486803519062
5 0.39571847507331376 0.2352932551319648 0.005943304007820137 0.010498533724340176
5 0.4221212121212121 0.24390029325513196 0.007702834799608993 0.00941348973607038
1 0.33939393939393936 0.7834897360703813 0.008455522971652004 0.011788856304985336