3 0.5184411764705882 0.6828250244379276 0.013803921568627451 0.019560117302052787
5 0.3981862745098039 0.5574975562072336 0.014529411764705883 0.012316715542521993
5 0.5860196078431372 0.4020918866080156 0.018166666666666668 0.015943304007820135
5 0.5772941176470588 0.42490713587487783 0.013803921568627451 0.013763440860215054
5 0.5584019607843138 0.41948191593352885 0.013803921568627451 0.015943304007820135
5 0.5242549019607843 0.42490713587487783 0.01961764705882353 0.013763440860215054
5 0.4272549019607843 0.38651026392961874 0.02615686274509804 0.016666666666666666
5 0.41162745098039216 0.4118670576735093 0.016715686274509804 0.015210166177908114
5 0.4145392156862745 0.6031378299120235 0.01961764705882353 0.015210166177908114
5 0.41162745098039216 0.6190713587487781 0.02106862745098039 0.013763440860215054
5 0.43233333333333335 0.5824926686217009 0.017441176470588234 0.014486803519061583
5 0.6136274509803922 0.6027761485826002 0.02106862745098039 0.018836754643206256
5 0.42615686274509806 0.554594330400782 0.018166666666666668 0.021006842619745843
1 0.46055882352941174 0.631544477028348 0.012637254901960784 0.010303030303030302