0 0.47884769539078154 0.6721875 0.023166332665330663 0.0165625
5 0.4325150300601202 0.6917578125 0.024719438877755514 0.01806640625
1 0.36068136272545087 0.633798828125 0.024719438877755514 0.0165625
5 0.31512024048096193 0.555517578125 0.018537074148296594 0.0195703125
5 0.3209118236472946 0.58712890625 0.01622244488977956 0.01505859375
1 0.5190180360721444 0.626650390625 0.012354709418837675 0.020322265625
0 0.30083166332665334 0.3805078125 0.020851703406813627 0.018818359375
0 0.3765130260521042 0.395556640625 0.020851703406813627 0.015810546875
0 0.5692184368737475 0.42115234375 0.016993987975951905 0.017314453125
0 0.5611022044088176 0.448251953125 0.01312625250501002 0.014306640625
5 0.5591783567134267 0.54384765625 0.015450901803607215 0.018818359375
5 0.41088176352705413 0.453896484375 0.018537074148296594 0.02107421875
5 0.5441182364729459 0.561162109375 0.01467935871743487 0.0278515625
5 0.56187374749499 0.5619140625 0.01004008016032064 0.015810546875
5 0.5665130260521042 0.516748046875 0.01467935871743487 0.023330078125
5 0.42285571142284567 0.401962890625 0.022394789579158317 0.0195703125
5 0.321683366733467 0.625146484375 0.017765531062124248 0.017314453125
5 0.5367735470941885 0.59013671875 0.013897795591182364 0.0165625
5 0.2761122244488978 0.44900390625 0.017765531062124248 0.020322265625