0 0.6159726295210166 0.6028445747800586 0.014467253176930596 0.024120234604105572
3 0.537741935483871 0.7563782991202347 0.020899315738025413 0.024120234604105572
0 0.5798044965786902 0.7129618768328446 0.019286412512218964 0.017683284457478007
3 0.4592375366568915 0.7165835777126099 0.015004887585532747 0.021700879765395895
0 0.6384848484848484 0.6554985337243402 0.011251221896383187 0.023313782991202348
0 0.49460410557184753 0.5192521994134898 0.011788856304985338 0.02250733137829912
0 0.49272727272727274 0.4252052785923754 0.013391984359726295 0.019296187683284456
0 0.39492668621700877 0.5775219941348974 0.013929618768328446 0.026524926686217008
5 0.42119257086999023 0.5823460410557185 0.017145650048875853 0.021700879765395895
0 0.5243401759530791 0.5883724340175953 0.017683284457478007 0.019296187683284456
5 0.4461094819159335 0.5843548387096774 0.015542521994134898 0.017683284457478007
0 0.42305962854349954 0.5518035190615835 0.016608015640273702 0.01687683284457478
5 0.39921798631476046 0.5501906158357771 0.015004887585532747 0.023313782991202348
5 0.39653958944281525 0.6285630498533724 0.01286412512218964 0.020894428152492667
5 0.5688172043010753 0.23791788856304985 0.020899315738025413 0.030542521994134895
0 0.45200391006842616 0.1913049853372434 0.011251221896383187 0.016070381231671555
5 0.4026979472140762 0.2025513196480938 0.011251221896383187 0.02250733137829912
5 0.39278592375366567 0.20617302052785927 0.009648093841642228 0.020087976539589443
5 0.5881133919843597 0.22023460410557183 0.012326490713587487 0.024120234604105572
5 0.6494623655913978 0.24636363636363637 0.013929618768328446 0.028137829912023463
5 0.6266959921798632 0.2387243401759531 0.012326490713587487 0.020894428152492667
5 0.5112121212121212 0.15794721407624635 0.015004887585532747 0.026524926686217008
5 0.42359726295210165 0.5280938416422287 0.017683284457478007 0.017683284457478007
5 0.6494623655913978 0.5264809384164223 0.019286412512218964 0.028929618768328447
5 0.44021505376344083 0.15593841642228737 0.017683284457478007 0.019296187683284456