5 0.5921067821067821 0.389912109375 0.025613275613275612 0.010146484375
5 0.5979076479076479 0.36205078125 0.0198989898989899 0.01166015625
5 0.5396392496392497 0.526572265625 0.020274170274170274 0.007919921875
5 0.41645021645021646 0.677998046875 0.01857142857142857 0.00984375
5 0.5198556998556998 0.55609375 0.02834054834054834 0.016279296875
5 0.5598701298701299 0.542578125 0.028037518037518038 0.01986328125
5 0.2962193362193362 0.40912109375 0.02277056277056277 0.011298828125
5 0.5607936507936507 0.51978515625 0.02401154401154401 0.015634765625
5 0.5859018759018758 0.508994140625 0.017113997113997113 0.016689453125
5 0.5618326118326119 0.56615234375 0.019206349206349206 0.015205078125
5 0.5864935064935065 0.56439453125 0.023044733044733045 0.0143359375
5 0.2437950937950938 0.512685546875 0.015367965367965369 0.010771484375
5 0.4883549783549784 0.5131640625 0.024617604617604615 0.01439453125