3 0.257023346303502 0.765953307392996 0.02445525291828794 0.018832684824902725
3 0.639863813229572 0.7477431906614785 0.02614785992217899 0.027782101167315172
5 0.23085603112840467 0.6668093385214008 0.024552529182879375 0.022392996108949417
0 0.5894163424124513 0.9430739299610895 0.022626459143968873 0.016614785992217898
0 0.6162645914396887 0.9116926070038911 0.01889105058365759 0.021926070038910506
5 0.6681906614785992 0.6593774319066148 0.014591439688715954 0.034747081712062255
5 0.7435992217898832 0.34278210116731517 0.013929961089494163 0.018813229571984436
4 0.448443579766537 0.2175875486381323 0.02529182879377432 0.027003891050583657
5 0.7613618677042802 0.5406614785992218 0.01700389105058366 0.015038910505836577
0 0.10044747081712063 0.5847859922178988 0.01657587548638132 0.021653696498054476
0 0.10459143968871595 0.5474513618677043 0.015778210116731518 0.026381322957198444
5 0.7559143968871596 0.6502140077821011 0.021089494163424125 0.020603112840466925
5 0.2634824902723736 0.740408560311284 0.02254863813229572 0.01747081712062257