5 0.31009727626459144 0.6743385214007782 0.016731517509727626 0.017295719844357977
1 0.40071984435797664 0.6553501945525292 0.022217898832684824 0.01784046692607004
0 0.5450389105058365 0.16601167315175097 0.021284046692607004 0.02029182879377432
5 0.1872762645914397 0.6168871595330739 0.022276264591439686 0.024844357976653696
5 0.28007782101167317 0.7487159533073929 0.020603112840466925 0.02085603112840467
5 0.5339105058365758 0.44906614785992216 0.021478599221789883 0.018443579766536967
4 0.466147859922179 0.22019455252918288 0.02916342412451362 0.039260700389105056
4 0.17463035019455253 0.271420233463035 0.020525291828793774 0.019221789883268486
4 0.39657587548638135 0.2269455252918288 0.021439688715953305 0.023268482490272375
5 0.509396887159533 0.42535019455252915 0.02737354085603113 0.018443579766536967
4 0.29840466926070036 0.1550194552529183 0.025136186770428014 0.022315175097276266
5 0.5422568093385215 0.08202334630350194 0.02068093385214008 0.026011673151750972
4 0.47698443579766536 0.07900778210116731 0.025408560311284047 0.02153696498054475