0 0.7455836575875486 0.6375875486381324 0.015817120622568095 0.016186770428015564
5 0.7660505836575876 0.6713618677042801 0.014630350194552529 0.015719844357976655
5 0.7745525291828794 0.6883657587548638 0.016050583657587547 0.012898832684824902
5 0.6345719844357977 0.6918287937743192 0.015214007782101168 0.01842412451361868
0 0.5706614785992218 0.7782684824902724 0.016828793774319065 0.01708171206225681
5 0.688307392996109 0.6487548638132296 0.019785992217898833 0.0172568093385214
5 0.6966342412451362 0.6840661478599223 0.013035019455252919 0.01992217898832685
5 0.6811089494163424 0.6350778210116732 0.025661478599221788 0.019669260700389105
0 0.6344941634241245 0.3093774319066148 0.01819066147859922 0.016108949416342413
0 0.4160505836575875 0.2525875486381323 0.02260700389105058 0.01585603112840467
0 0.5453501945525292 0.33202334630350194 0.01924124513618677 0.016050583657587547
0 0.48898832684824906 0.3056614785992218 0.01568093385214008 0.01575875486381323
0 0.49536964980544745 0.27377431906614785 0.012840466926070038 0.017140077821011675
0 0.3419649805447471 0.7099805447470817 0.014785992217898832 0.016459143968871597
0 0.5970428015564202 0.9817120622568094 0.016556420233463036 0.014085603112840466