0 0.32955252918287936 0.14873540856031128 0.017198443579766538 0.016089494163424124
5 0.4859727626459144 0.2157782101167315 0.016634241245136187 0.013968871595330739
5 0.4677237354085603 0.14836575875486382 0.01766536964980545 0.015350194552529181
5 0.3119649805447471 0.2391828793774319 0.021011673151750974 0.022626459143968873
5 0.31459143968871595 0.21583657587548638 0.014221789883268481 0.016828793774319065
5 0.34799610894941635 0.19795719844357976 0.022587548638132296 0.015116731517509727
5 0.34350194552529184 0.176147859922179 0.01659533073929961 0.013735408560311283
5 0.3662062256809338 0.3732879377431907 0.02301556420233463 0.018326848249027236
5 0.20474708171206224 0.41924124513618677 0.010486381322957199 0.014883268482490273
5 0.19046692607003893 0.4316342412451362 0.010408560311284046 0.011070038910505838
5 0.17459143968871593 0.4370817120622568 0.017626459143968872 0.015155642023346303
5 0.17733463035019456 0.4010505836575875 0.021653696498054476 0.01527237354085603
5 0.5402918287937742 0.48095330739299613 0.014338521400778211 0.011400778210116732
5 0.5548054474708172 0.47282101167315177 0.010603112840466927 0.014202334630350194
1 0.4362451361867704 0.8027431906614786 0.020428015564202335 0.015