3 0.49188715953307394 0.37663424124513617 0.020252918287937745 0.01889105058365759
0 0.5405836575875487 0.2885408560311284 0.018735408560311285 0.015077821011673152
0 0.5942996108949417 0.22101167315175096 0.017490272373540856 0.015544747081712062
0 0.4324124513618677 0.2877626459143969 0.01972762645914397 0.015
0 0.5510894941634241 0.2699610894941634 0.015408560311284047 0.013287937743190661
0 0.5437159533073931 0.187431906614786 0.01688715953307393 0.01616731517509728
0 0.539396887159533 0.19929961089494164 0.019610894941634243 0.011906614785992219
0 0.6542023346303502 0.7059338521400779 0.01566147859922179 0.015505836575875486
0 0.5445330739299611 0.15258754863813231 0.01527237354085603 0.012898832684824902
0 0.5028599221789883 0.11743190661478599 0.013035019455252919 0.011828793774319066
5 0.5113035019455253 0.6282684824902723 0.015330739299610895 0.011906614785992219
5 0.47046692607003887 0.6367315175097276 0.011478599221789884 0.011186770428015564
5 0.6998054474708171 0.5391245136186771 0.01443579766536965 0.0133852140077821