5 0.36510791366906475 0.5090940766550522 0.0281294964028777 0.0229732868757259
5 0.4888201438848921 0.6861672473867595 0.0302589928057554 0.013832752613240419
5 0.4651942446043166 0.6764692218350755 0.026719424460431657 0.017572590011614403
5 0.3218273381294964 0.4972938443670151 0.024143884892086333 0.01716608594657375
5 0.6013237410071942 0.7104413472706156 0.017266187050359712 0.01429732868757259
5 0.6307482014388489 0.6988269454123114 0.020258992805755396 0.015981416957026713
0 0.5406618705035972 0.6665737514518002 0.014935251798561153 0.013821138211382113
5 0.31145323741007197 0.45988385598141696 0.022805755395683452 0.013577235772357723
5 0.29175539568345327 0.4418466898954704 0.024676258992805754 0.02024390243902439
5 0.3393812949640288 0.5765737514518002 0.015539568345323742 0.015447154471544716
0 0.6427769784172662 0.24332171893147503 0.024906474820143885 0.013472706155632985