x y width height conf
0.5707850456237793 0.9846057891845703 0.02899956703186035 0.029259085655212402 0.3113945424556732
0.5297194123268127 0.9881011247634888 0.02330029010772705 0.02114468812942505 0.2920742630958557
0.4368287920951843 0.7216873168945312 0.015504270792007446 0.0139387845993042 0.28823989629745483
0.6464272737503052 0.6925070285797119 0.020210742950439453 0.019252002239227295 0.2773611545562744
0.8097317218780518 0.7042747735977173 0.02084881067276001 0.020657837390899658 0.2724348306655884
0.7176080942153931 0.7637180089950562 0.025756418704986572 0.024103820323944092 0.2649327516555786
0.828426718711853 0.7033655047416687 0.019646108150482178 0.02075481414794922 0.24924811720848083
0.6467531323432922 0.6929861307144165 0.026466727256774902 0.023955047130584717 0.22637534141540527
0.7473311424255371 0.8021992444992065 0.02695155143737793 0.02876514196395874 0.2243017703294754
0.4615465998649597 0.6169083714485168 0.021409988403320312 0.019573211669921875 0.21362340450286865
0.8107584714889526 0.7042722105979919 0.028805315494537354 0.026749491691589355 0.20261554419994354
0.6777461767196655 0.8556718826293945 0.017859160900115967 0.01602780818939209 0.19452084600925446
0.8225877285003662 0.7955809831619263 0.03563004732131958 0.034924983978271484 0.18443052470684052
0.748193085193634 0.802692174911499 0.027239441871643066 0.028411567211151123 0.18314671516418457
0.6552302837371826 0.6087243556976318 0.019686520099639893 0.019935429096221924 0.17552682757377625
0.41447192430496216 0.59419846534729 0.023853302001953125 0.02143460512161255 0.17129072546958923
0.6854337453842163 0.6126826405525208 0.022325515747070312 0.02167069911956787 0.1646224707365036
0.47452250123023987 0.6903231143951416 0.018782317638397217 0.018292665481567383 0.15471231937408447
0.4163705110549927 0.620501697063446 0.015300363302230835 0.013689398765563965 0.1430416852235794
0.8251421451568604 0.7028382420539856 0.028926074504852295 0.025774598121643066 0.13214313983917236
0.4235650897026062 0.32858648896217346 0.014846891164779663 0.015645980834960938 0.11061565577983856
0.7351447939872742 0.8556979894638062 0.015770316123962402 0.015376269817352295 0.10642506927251816
0.6948609948158264 0.5076820850372314 0.014689922332763672 0.013147354125976562 0.10405384749174118
0.5107220411300659 0.9941948056221008 0.015013635158538818 0.011602044105529785 0.10001450777053833
0.6776318550109863 0.8570799827575684 0.024331271648406982 0.021293044090270996 0.09798344224691391
0.8151595592498779 0.587004542350769 0.016222774982452393 0.015213310718536377 0.09602002054452896
0.8204437494277954 0.7270617485046387 0.021866977214813232 0.01966845989227295 0.09563761204481125
0.6353346109390259 0.4232994318008423 0.020070254802703857 0.018490225076675415 0.09514901041984558
0.5419470071792603 0.61468505859375 0.01558607816696167 0.015054821968078613 0.0919109657406807
0.4148064851760864 0.5960527658462524 0.03117501735687256 0.026513278484344482 0.08751291781663895
0.49080371856689453 0.20942898094654083 0.01399153470993042 0.013619333505630493 0.0871017575263977
0.8549860119819641 0.6768192052841187 0.03461301326751709 0.045983731746673584 0.08558735996484756
0.4643417298793793 0.9707720875740051 0.028429806232452393 0.030233025550842285 0.0846981406211853
0.4102717339992523 0.6225196123123169 0.01712876558303833 0.014018476009368896 0.0834139734506607
0.6545439958572388 0.6095391511917114 0.022998809814453125 0.02467900514602661 0.07320327311754227
0.43644970655441284 0.7217114567756653 0.019945532083511353 0.02024519443511963 0.07244031131267548
0.7731949687004089 0.7612224221229553 0.020004868507385254 0.019176840782165527 0.07210353016853333
0.5214101076126099 0.9889735579490662 0.03152686357498169 0.022052884101867676 0.07191992551088333
0.6791410446166992 0.6656599044799805 0.029584169387817383 0.026170015335083008 0.0705314576625824
0.6987007856369019 0.7603226900100708 0.020385324954986572 0.02044624090194702 0.0650506541132927
0.568456768989563 0.5484663248062134 0.015755653381347656 0.01433330774307251 0.06416457146406174
0.6797829866409302 0.6657443046569824 0.025904476642608643 0.023524045944213867 0.06343738734722137
0.8152502179145813 0.7121580243110657 0.03527224063873291 0.03827953338623047 0.06262682378292084
0.6807854175567627 0.6651386022567749 0.020109176635742188 0.018082797527313232 0.06242329254746437
0.531043291091919 0.9874523282051086 0.030928611755371094 0.024790167808532715 0.06152966618537903
0.7453453540802002 0.8897472620010376 0.02087002992630005 0.018736660480499268 0.06082364171743393
0.8182283639907837 0.7245141267776489 0.028773486614227295 0.024273455142974854 0.060366012156009674
0.8587714433670044 0.6799706220626831 0.04084014892578125 0.0599786639213562 0.06014317274093628
0.4619626998901367 0.9713433980941772 0.036104023456573486 0.03623008728027344 0.06014152988791466
0.6759634017944336 0.8105823397636414 0.019135475158691406 0.017662405967712402 0.05931278318166733
0.7454153895378113 0.8026988506317139 0.03398704528808594 0.032815635204315186 0.05925462394952774
0.8146094083786011 0.5873287320137024 0.021855533123016357 0.020870089530944824 0.05798332393169403
0.8620778918266296 0.6856365203857422 0.03532373905181885 0.05694836378097534 0.056957799941301346
0.7601596117019653 0.870323896408081 0.01642078161239624 0.01604825258255005 0.0567537285387516
0.8211599588394165 0.7275400161743164 0.02661973237991333 0.02542877197265625 0.056271761655807495
0.8580449819564819 0.6712830066680908 0.034300267696380615 0.042694687843322754 0.054025642573833466
0.8172264099121094 0.7250279188156128 0.032765984535217285 0.031284868717193604 0.05363765358924866
0.7337363958358765 0.8563053011894226 0.0197792649269104 0.01883697509765625 0.05326826497912407
0.7074265480041504 0.7614409923553467 0.038670897483825684 0.029655754566192627 0.051232051104307175
0.8212535977363586 0.7955528497695923 0.04352283477783203 0.04171180725097656 0.050225164741277695
0.6483505368232727 0.6939429044723511 0.03267383575439453 0.028319895267486572 0.04895750433206558
0.6441115140914917 0.9940067529678345 0.02116638422012329 0.01198655366897583 0.04699844866991043
0.4646914601325989 0.9688265323638916 0.03112909197807312 0.03291434049606323 0.04427332058548927
0.6523276567459106 0.8460619449615479 0.01681452989578247 0.01415938138961792 0.04415049031376839
0.8223047256469727 0.7136461734771729 0.030201315879821777 0.043719470500946045 0.04405185207724571
0.8570834398269653 0.6845957040786743 0.035174548625946045 0.04513663053512573 0.042170699685811996
0.7735390663146973 0.7611291408538818 0.026488304138183594 0.025035083293914795 0.041723139584064484
0.8612463474273682 0.663630485534668 0.02931898832321167 0.02797102928161621 0.040103524923324585
0.4110409617424011 0.16451245546340942 0.011693567037582397 0.012059971690177917 0.04004162177443504
0.595765233039856 0.7080146670341492 0.016927242279052734 0.01665496826171875 0.0396985299885273
0.4645316004753113 0.5938341021537781 0.017391949892044067 0.015115141868591309 0.03894352167844772
0.7311336994171143 0.6964574456214905 0.035814106464385986 0.03375089168548584 0.03844422101974487
0.599971354007721 0.6177904605865479 0.01908409595489502 0.01929551362991333 0.0380217470228672
0.7332347631454468 0.6980262994766235 0.036859333515167236 0.037255704402923584 0.03759058937430382
0.8618408441543579 0.6994749307632446 0.024814605712890625 0.02970600128173828 0.036022793501615524
0.5680426359176636 0.548711895942688 0.019441187381744385 0.018815457820892334 0.0356932058930397
0.813675582408905 0.7032983899116516 0.0412524938583374 0.0379558801651001 0.033457014709711075
0.7312346696853638 0.6952565312385559 0.029079437255859375 0.0281524658203125 0.03174347057938576
0.5419381856918335 0.6140458583831787 0.01856917142868042 0.0189782977104187 0.031466882675886154
0.567062497138977 0.6916476488113403 0.016322314739227295 0.016014277935028076 0.02997567504644394
0.7138551473617554 0.5094895362854004 0.01817268133163452 0.014999032020568848 0.02922595664858818
0.6505850553512573 0.8459117412567139 0.01940864324569702 0.017538249492645264 0.028829878196120262
0.5675958395004272 0.6920685768127441 0.020046651363372803 0.019275665283203125 0.028121067211031914
0.6950579285621643 0.5078011751174927 0.019831299781799316 0.01817038655281067 0.028001291677355766
0.6345113515853882 0.4225553870201111 0.02704256772994995 0.025043219327926636 0.02558187209069729
0.8083531856536865 0.7058753967285156 0.035350024700164795 0.0330202579498291 0.024852601811289787
0.874160885810852 0.6631654500961304 0.035150349140167236 0.029955923557281494 0.02388090454041958
0.8806947469711304 0.6605342626571655 0.021380603313446045 0.02231842279434204 0.023662103340029716
0.46420496702194214 0.5934358835220337 0.02142581343650818 0.018416941165924072 0.023554231971502304
0.4234430193901062 0.3286980986595154 0.020626813173294067 0.022379130125045776 0.023134632036089897
0.7077440023422241 0.5080544352531433 0.027407824993133545 0.018151849508285522 0.022993240505456924
0.748228907585144 0.8865869045257568 0.026750564575195312 0.026566684246063232 0.021757906302809715
0.6463397741317749 0.991948127746582 0.029693603515625 0.015699386596679688 0.02170712687075138
0.8094857931137085 0.709611177444458 0.04027897119522095 0.04144740104675293 0.02140014059841633
0.7083904147148132 0.498085618019104 0.03262984752655029 0.02225819230079651 0.02015105076134205
0.6764400005340576 0.6654448509216309 0.03895556926727295 0.03786015510559082 0.018753649666905403
0.4913003742694855 0.21042904257774353 0.01944655179977417 0.021016985177993774 0.017340674996376038
0.619280993938446 0.4417518675327301 0.025014281272888184 0.02485179901123047 0.01730065420269966
0.7433964610099792 0.8902425765991211 0.029877305030822754 0.02573394775390625 0.017112042754888535
0.46468105912208557 0.9698295593261719 0.04247361421585083 0.04220843315124512 0.01679151877760887
0.5961458683013916 0.708823025226593 0.0218237042427063 0.01960623264312744 0.01654491201043129
0.6549514532089233 0.6071702837944031 0.027327537536621094 0.030130386352539062 0.016177034005522728
0.47353869676589966 0.6893314719200134 0.025483518838882446 0.02262592315673828 0.015467233955860138
0.41636955738067627 0.5948975086212158 0.03751221299171448 0.032949626445770264 0.015446793287992477
0.45645153522491455 0.9819788932800293 0.02929726243019104 0.03020787239074707 0.014630676247179508
0.46143120527267456 0.6193628311157227 0.026085466146469116 0.02627396583557129 0.01443587988615036
0.495327353477478 0.619637131690979 0.017333954572677612 0.016094624996185303 0.013844463042914867
0.6306409239768982 0.4261828660964966 0.03433096408843994 0.03074464201927185 0.013828788883984089
0.7209492921829224 0.7638542056083679 0.04057234525680542 0.03225815296173096 0.01364438608288765
0.6363598704338074 0.9524495601654053 0.02560269832611084 0.024660885334014893 0.01361707504838705
0.712760329246521 0.7723023891448975 0.029259204864501953 0.03316575288772583 0.013560147024691105
0.6769673228263855 0.8096672892570496 0.024663925170898438 0.02134835720062256 0.012967035174369812
0.7481106519699097 0.9116384387016296 0.02178400754928589 0.016875863075256348 0.01192909199744463
0.8466655015945435 0.6829642057418823 0.05776900053024292 0.06450843811035156 0.011827467940747738
0.6234877705574036 0.43669337034225464 0.027854561805725098 0.030303001403808594 0.01152733527123928
0.75212162733078 0.9355967044830322 0.017225265502929688 0.017213046550750732 0.011391924694180489
0.7484279870986938 0.8895462155342102 0.033401668071746826 0.029302597045898438 0.01133681833744049
0.46669045090675354 0.993828535079956 0.03887462615966797 0.011700451374053955 0.011284338310360909
0.7715604901313782 0.5652663707733154 0.015265107154846191 0.015263736248016357 0.010784078389406204
0.599258542060852 0.6175450086593628 0.02466946840286255 0.026688039302825928 0.009507089853286743
0.4313151240348816 0.7601008415222168 0.013797014951705933 0.013943672180175781 0.00935926754027605
0.3830471634864807 0.678800106048584 0.011959940195083618 0.011524796485900879 0.00920168962329626
0.5407637357711792 0.6147059202194214 0.024308383464813232 0.023132741451263428 0.009185870178043842
0.4763212203979492 0.6914799213409424 0.02559375762939453 0.021919071674346924 0.008674759417772293
0.7783263921737671 0.7310611605644226 0.01585167646408081 0.016257166862487793 0.008252035826444626
0.6955410242080688 0.5087834596633911 0.022825241088867188 0.023830950260162354 0.00814684946089983
0.514169454574585 0.9923178553581238 0.027049243450164795 0.015364289283752441 0.008047491312026978
0.41608214378356934 0.6201887726783752 0.026453137397766113 0.020873546600341797 0.008041905239224434
0.4602576792240143 0.9745709896087646 0.04149836301803589 0.04581564664840698 0.00783984549343586
0.6481438875198364 0.9896966218948364 0.031375885009765625 0.020606815814971924 0.00778124388307333
0.5670905113220215 0.5481394529342651 0.026314139366149902 0.02258211374282837 0.007763738743960857
0.7516997456550598 0.8024502992630005 0.039811134338378906 0.037065088748931885 0.0077042789198458195
0.5664325952529907 0.9426521062850952 0.01708930730819702 0.016061007976531982 0.007638222072273493
0.8822019100189209 0.6613308191299438 0.028920352458953857 0.02984672784805298 0.007508021779358387
0.804068922996521 0.40131300687789917 0.015206873416900635 0.015064150094985962 0.007426294963806868
0.8212864398956299 0.7298515439033508 0.035029590129852295 0.036666274070739746 0.007351976819336414
0.7490026950836182 0.8257787823677063 0.020068645477294922 0.017377495765686035 0.007310583721846342
0.7825412750244141 0.7939578294754028 0.019268035888671875 0.021411120891571045 0.007219675928354263
0.4118163585662842 0.1647217571735382 0.01576918363571167 0.016151145100593567 0.007194720674306154
0.8176909685134888 0.5869956016540527 0.031074345111846924 0.028263092041015625 0.007097839843481779
0.704086422920227 0.5029444098472595 0.036004066467285156 0.028258055448532104 0.0068705580197274685
0.5976417064666748 0.7094062566757202 0.026626408100128174 0.02598094940185547 0.006840676534920931
0.7679420709609985 0.6681194305419922 0.02099752426147461 0.020225167274475098 0.006773083005100489
0.46989545226097107 0.5804749727249146 0.014553248882293701 0.013274967670440674 0.0066586569882929325
0.767598032951355 0.667445182800293 0.017391860485076904 0.016777753829956055 0.006512026768177748
0.6179920434951782 0.4420550465583801 0.02190631628036499 0.01961517333984375 0.006296617444604635
0.7085426449775696 0.9141906499862671 0.01740729808807373 0.016409873962402344 0.006152356043457985
0.7721192836761475 0.5652225613594055 0.021883487701416016 0.02096700668334961 0.006051389500498772
0.6983668208122253 0.7611699104309082 0.02643585205078125 0.029113173484802246 0.006040520966053009
0.7131381630897522 0.5096067190170288 0.02322399616241455 0.021945923566818237 0.00603930139914155
0.8180480003356934 0.6991353631019592 0.048985838890075684 0.04374587535858154 0.005668470170348883
0.7708092331886292 0.7615017890930176 0.034474968910217285 0.027927756309509277 0.005577676929533482
0.7500566244125366 0.7982205748558044 0.039150238037109375 0.038947224617004395 0.005481281317770481
0.8635679483413696 0.6781711578369141 0.055300891399383545 0.07164037227630615 0.005456605926156044
0.7529584169387817 0.7297880053520203 0.017300903797149658 0.015536665916442871 0.005279442761093378
0.6667196154594421 0.6288930177688599 0.016135096549987793 0.014629185199737549 0.005266269668936729
0.7512153387069702 0.9368178844451904 0.021237194538116455 0.020429790019989014 0.005233983043581247
0.7599965929985046 0.8718948364257812 0.02474343776702881 0.024077653884887695 0.005156747996807098
0.7352138757705688 0.8619714975357056 0.02134937047958374 0.024505436420440674 0.0050714765675365925
0.6758025884628296 0.8582117557525635 0.029875338077545166 0.025013744831085205 0.0050251963548362255
0.7350876331329346 0.854723334312439 0.02421015501022339 0.024250447750091553 0.004871017299592495
0.7089451551437378 0.5086463093757629 0.031605541706085205 0.02433052659034729 0.004807390738278627
0.4939996302127838 0.621304988861084 0.01953679323196411 0.02346515655517578 0.004792794585227966
0.8527816534042358 0.6753493547439575 0.05402582883834839 0.05469471216201782 0.0047184182330966
0.7050992250442505 0.8615213632583618 0.018101513385772705 0.016087710857391357 0.004670646041631699
0.8163764476776123 0.7300440073013306 0.04034620523452759 0.04100245237350464 0.004332616459578276
0.8992762565612793 0.5845568180084229 0.02546083927154541 0.027231991291046143 0.004246522206813097
0.6797233819961548 0.8568010330200195 0.03126579523086548 0.02554476261138916 0.004187569487839937
0.6507581472396851 0.8470338582992554 0.024330556392669678 0.025062978267669678 0.004141238052397966
0.7097121477127075 0.9151838421821594 0.02283763885498047 0.020703911781311035 0.004109884612262249
0.5211136937141418 0.9881633520126343 0.03861081600189209 0.02367335557937622 0.003910460043698549
0.8296897411346436 0.7026849985122681 0.03165549039840698 0.031889379024505615 0.0038830081466585398
0.5223619937896729 0.5100967288017273 0.013625383377075195 0.013500213623046875 0.0037771211937069893
0.5270282030105591 0.9834482073783875 0.03754955530166626 0.0331035852432251 0.003751432290300727
0.7322244644165039 0.7009563446044922 0.04543352127075195 0.046744346618652344 0.0037490823306143284
0.7209470868110657 0.8145185708999634 0.01317441463470459 0.01583629846572876 0.0037212420720607042
0.8465772867202759 0.6889037489891052 0.04591864347457886 0.05341184139251709 0.0036798338405787945
0.6545852422714233 0.8493607640266418 0.02655082941055298 0.02615642547607422 0.003653560997918248
0.39665713906288147 0.9352823495864868 0.013770580291748047 0.013362467288970947 0.003376913955435157
0.8130820393562317 0.7188174724578857 0.052297234535217285 0.04818791151046753 0.003337469883263111
0.8613353967666626 0.7003583908081055 0.036642491817474365 0.047334372997283936 0.0033365723211318254
0.7139401435852051 0.7604880332946777 0.043622732162475586 0.03818666934967041 0.0033115881960839033
0.41260820627212524 0.622296929359436 0.025002390146255493 0.021935641765594482 0.003229113994166255
0.4953884482383728 0.6263267993927002 0.0238400399684906 0.027243971824645996 0.003228165674954653
0.8672012090682983 0.6975785493850708 0.038494646549224854 0.0400395393371582 0.003101145848631859
0.4969446063041687 0.6209086179733276 0.0241529643535614 0.024054348468780518 0.003035228233784437
0.6583006381988525 0.6106199026107788 0.02724480628967285 0.027957022190093994 0.0030043686274439096
0.7068661451339722 0.7819100618362427 0.023155391216278076 0.02214670181274414 0.002985068829730153
0.47544825077056885 0.9950693249702454 0.030630677938461304 0.009401679039001465 0.0029112768825143576
0.743876576423645 0.8960865139961243 0.034277141094207764 0.03861963748931885 0.0029067890718579292
0.5779978036880493 0.9880609512329102 0.041656553745269775 0.02317500114440918 0.0028472926933318377
0.767755389213562 0.5655081868171692 0.028890788555145264 0.026374340057373047 0.0027830442413687706
0.7411067485809326 0.8662837743759155 0.028044044971466064 0.025004565715789795 0.0025827030185610056
0.7267006039619446 0.9228704571723938 0.013911247253417969 0.014059066772460938 0.002509803744032979
0.8244622945785522 0.7875801920890808 0.04787635803222656 0.04392373561859131 0.0024363063275814056
0.5919028520584106 0.7081708908081055 0.027065753936767578 0.02329564094543457 0.002430108143016696
0.5425829887390137 0.2358625829219818 0.014223694801330566 0.014731645584106445 0.0023722935002297163
0.5252097845077515 0.7811225652694702 0.01819896697998047 0.01873248815536499 0.002314773853868246
0.6503149271011353 0.6937545537948608 0.04365462064743042 0.035079777240753174 0.0022224222775548697
0.3893452286720276 0.6628113985061646 0.013703614473342896 0.012808024883270264 0.0022174993064254522
0.5744142532348633 0.9828838109970093 0.04431760311126709 0.031108081340789795 0.0021788980811834335
0.5653972029685974 0.9414598345756531 0.021579742431640625 0.01875150203704834 0.0021470319479703903
0.8063936233520508 0.5836378335952759 0.04196137189865112 0.036982059478759766 0.002082453342154622
0.5181833505630493 0.7274185419082642 0.015077173709869385 0.014599263668060303 0.0020043880213052034
0.6828036308288574 0.8509136438369751 0.03440302610397339 0.026358425617218018 0.001992792123928666
0.7683995962142944 0.6707470417022705 0.02769368886947632 0.029721558094024658 0.001967949792742729
0.8000713586807251 0.5845661163330078 0.03246861696243286 0.02868819236755371 0.0019663283601403236
0.47228002548217773 0.49130743741989136 0.012877821922302246 0.012925714254379272 0.0019122679950669408
0.7520920634269714 0.7303842306137085 0.0225830078125 0.0188024640083313 0.0018960185116156936
0.6360504627227783 0.9556110501289368 0.03221195936203003 0.031191229820251465 0.0018891791114583611
0.46610862016677856 0.6141648292541504 0.03572675585746765 0.0262298583984375 0.0018740694504231215
0.6896791458129883 0.6138091087341309 0.03867840766906738 0.03138613700866699 0.001868360792286694
0.7760418653488159 0.7311820983886719 0.023807108402252197 0.021078765392303467 0.0018604118376970291
0.24125561118125916 0.9846770763397217 0.022721052169799805 0.020490825176239014 0.0018545823404565454
0.8062744140625 0.7960039973258972 0.060857176780700684 0.03539597988128662 0.0018194346921518445
0.78094482421875 0.7953400611877441 0.02903151512145996 0.03473973274230957 0.0018140138126909733
0.49407467246055603 0.6315094232559204 0.021858513355255127 0.023983478546142578 0.0017949731554836035
0.6352211833000183 0.4205198287963867 0.033720970153808594 0.03221815824508667 0.0017942257691174746
0.8781554102897644 0.6593219637870789 0.03774070739746094 0.036921143531799316 0.0017801666399464011
0.4675813615322113 0.5910717248916626 0.030821621417999268 0.02583831548690796 0.001761971041560173
0.7250196933746338 0.7709571123123169 0.03920900821685791 0.04051780700683594 0.0017543637659400702
0.9120967984199524 0.6175781488418579 0.016303658485412598 0.016178429126739502 0.0017422157106921077
0.4309438169002533 0.761076807975769 0.017559051513671875 0.018179118633270264 0.0017388956621289253
0.3582971692085266 0.6121240854263306 0.014612436294555664 0.014224231243133545 0.0016921929782256484
0.8988320827484131 0.5826632976531982 0.032542407512664795 0.03575146198272705 0.0016506722895428538
0.73095703125 0.8586302995681763 0.030188560485839844 0.02349931001663208 0.001619219547137618
0.40268903970718384 0.9683335423469543 0.01607075333595276 0.017222046852111816 0.001570365158841014
0.7478454113006592 0.9120190739631653 0.027792155742645264 0.02266252040863037 0.001522923936136067
0.3560943007469177 0.6111150979995728 0.014594078063964844 0.015493929386138916 0.0015014410018920898
0.6498675346374512 0.6089617013931274 0.043822526931762695 0.033749163150787354 0.0014481863472610712
0.8930370211601257 0.5849703550338745 0.030875802040100098 0.02905416488647461 0.0014282865449786186
0.640048623085022 0.4248095452785492 0.0373266339302063 0.03299158811569214 0.0014205179177224636
0.8216859102249146 0.7990219593048096 0.04221111536026001 0.04647713899612427 0.0014026165008544922
0.4225676655769348 0.5940428972244263 0.034924715757369995 0.02724975347518921 0.0013860651524737477
0.5682430863380432 0.6942006945610046 0.02618885040283203 0.029055476188659668 0.0013840924948453903
0.5971177220344543 0.707838237285614 0.033280014991760254 0.03100740909576416 0.001380071509629488
0.5223134160041809 0.5108184814453125 0.01639401912689209 0.018578290939331055 0.0013387027429416776
0.7578234076499939 0.866645336151123 0.026428818702697754 0.027163147926330566 0.0013235177611932158
0.6851801872253418 0.6147910356521606 0.035131216049194336 0.036520540714263916 0.0012982720509171486
0.49470043182373047 0.25315243005752563 0.011199593544006348 0.012359336018562317 0.001264227437786758
0.8319278955459595 0.7018966674804688 0.04454082250595093 0.04786044359207153 0.0012343251146376133
0.7345448732376099 0.8103955984115601 0.03975158929824829 0.02703613042831421 0.0012323410483077168
0.5043423771858215 0.9942191243171692 0.03016531467437744 0.011425018310546875 0.001226364984177053
0.7006145119667053 0.8384582996368408 0.024146556854248047 0.022771060466766357 0.0012145639630034566
0.70563805103302 0.7682034373283386 0.03723639249801636 0.04292619228363037 0.0011977199465036392
0.8976132869720459 0.38891875743865967 0.012217700481414795 0.01266130805015564 0.0011703628115355968
0.3723942041397095 0.6521836519241333 0.013056576251983643 0.011812984943389893 0.0011387965641915798
0.6830930709838867 0.8577489852905273 0.03956031799316406 0.029428720474243164 0.0011290701804682612
0.3565237820148468 0.5572909116744995 0.0230712890625 0.01972883939743042 0.001120428554713726
0.4117376208305359 0.16473621129989624 0.01874980330467224 0.019894331693649292 0.0011128474725410342
0.46814632415771484 0.6869205236434937 0.02699124813079834 0.018910229206085205 0.0011012323666363955
0.8030201196670532 0.4008832573890686 0.02188873291015625 0.019216448068618774 0.0010761120356619358
0.42979878187179565 0.6116508841514587 0.023409277200698853 0.024905085563659668 0.0010609905002638698
0.7449522018432617 0.6868336796760559 0.058037757873535156 0.052989959716796875 0.0010493032168596983
0.34135347604751587 0.25760674476623535 0.014375418424606323 0.019677937030792236 0.001031902153044939
0.7699844241142273 0.6706796884536743 0.03300154209136963 0.03609734773635864 0.001025957870297134
0.42596134543418884 0.32885321974754333 0.027873516082763672 0.023764610290527344 0.0010163699043914676
0.7055810689926147 0.9135673642158508 0.02816551923751831 0.024996161460876465 0.0010071261785924435
0.472584068775177 0.9684524536132812 0.03840246796607971 0.03270602226257324 0.0009959129383787513
0.9752447605133057 0.9912976026535034 0.033067524433135986 0.01740473508834839 0.000994649832136929
0.6445156335830688 0.696165919303894 0.03511244058609009 0.03925853967666626 0.000988291809335351
0.7547904849052429 0.9956396818161011 0.02777254581451416 0.008720576763153076 0.0009856387041509151
0.44332265853881836 0.6269631385803223 0.014589130878448486 0.01688021421432495 0.000984645215794444
0.46542680263519287 0.6190056204795837 0.03586044907569885 0.02471005916595459 0.0009836151730269194
0.7588461637496948 0.7351630926132202 0.027955830097198486 0.026143014430999756 0.00098194251768291
0.8123763799667358 0.7941344976425171 0.06286907196044922 0.046745240688323975 0.0009752546902745962
0.7468068599700928 0.7250262498855591 0.039421260356903076 0.026583194732666016 0.0009637337643653154
0.409140020608902 0.9683898091316223 0.022422969341278076 0.022011756896972656 0.0009600248886272311
0.5930827260017395 0.6192899942398071 0.037050604820251465 0.035073280334472656 0.0009580639889463782
0.6551402807235718 0.9936485290527344 0.0379064679145813 0.01270294189453125 0.0009346789447590709
0.7816084623336792 0.5736569166183472 0.04395633935928345 0.042295634746551514 0.0009342845296487212
0.4262228012084961 0.3330968916416168 0.02712172269821167 0.026019036769866943 0.0009261267259716988
0.7829004526138306 0.7941173315048218 0.023265182971954346 0.025572001934051514 0.0009138772147707641
0.9950605630874634 0.8025220632553101 0.009878814220428467 0.023812294006347656 0.0009080047020688653
0.4190915822982788 0.3294205069541931 0.02896985411643982 0.02305588126182556 0.0008946203161031008
0.6968417167663574 0.7626132369041443 0.036634206771850586 0.03470182418823242 0.0008925229194574058
0.8575520515441895 0.4342411756515503 0.015597701072692871 0.015522390604019165 0.0008892856421880424
0.3584796190261841 0.6141996383666992 0.013115793466567993 0.014904499053955078 0.0008642186294309795
0.9763952493667603 0.992679238319397 0.029681742191314697 0.01441192626953125 0.0008399863727390766
0.7744971513748169 0.7558491230010986 0.03635972738265991 0.03580397367477417 0.0008343628724105656
0.7545000314712524 0.8024196624755859 0.046375811100006104 0.04616832733154297 0.0008321551722474396
0.8258090019226074 0.39248353242874146 0.013261079788208008 0.013994216918945312 0.0007993379840627313
0.367902010679245 0.3492323160171509 0.01925104856491089 0.018949896097183228 0.0007729347562417388
0.589277982711792 0.7616032361984253 0.012951076030731201 0.012489378452301025 0.0007597317453473806
0.7660355567932129 0.6672765016555786 0.029099225997924805 0.027593910694122314 0.0007523337262682617
0.8208233118057251 0.39313992857933044 0.015791714191436768 0.0159032940864563 0.0007492971490137279
0.7501487135887146 0.995268702507019 0.028579115867614746 0.00946265459060669 0.0007465214584954083
0.956230878829956 0.647025465965271 0.02107161283493042 0.03108268976211548 0.0007439534529112279
0.7278957366943359 0.6955916285514832 0.05031180381774902 0.040619850158691406 0.0007351345266215503
0.5544815063476562 0.5289291143417358 0.01888430118560791 0.0163421630859375 0.0007233842043206096
0.49595940113067627 0.22673849761486053 0.011565595865249634 0.012830644845962524 0.0007226772722788155
0.487949013710022 0.6238548755645752 0.02333793044090271 0.028830349445343018 0.0007017787429504097
0.4546673893928528 0.6129782795906067 0.029259681701660156 0.026130080223083496 0.000690904853399843
0.7955019474029541 0.7209256291389465 0.051538944244384766 0.03960895538330078 0.0006908007781021297
0.6784294843673706 0.6555683016777039 0.03743267059326172 0.03448641300201416 0.0006826069438830018
0.7971299886703491 0.31875354051589966 0.014907300472259521 0.015194326639175415 0.0006791949854232371
0.7073506116867065 0.8593829870223999 0.02170807123184204 0.02293163537979126 0.0006639775820076466
0.7050318717956543 0.33353596925735474 0.015905141830444336 0.01601514220237732 0.0006444703903980553
0.469637006521225 0.5858418345451355 0.026755154132843018 0.02686309814453125 0.0006443862803280354
0.8170532584190369 0.7416256666183472 0.04805862903594971 0.044524192810058594 0.000637830700725317
