x y width height conf
0.3823026716709137 0.7024915218353271 0.06385010480880737 0.06444072723388672 0.32518500089645386
0.52942955493927 0.6458008289337158 0.05232381820678711 0.046838581562042236 0.28374290466308594
0.4130558967590332 0.8290914297103882 0.040552109479904175 0.034216880798339844 0.2197370082139969
0.4134214520454407 0.8288787603378296 0.03391075134277344 0.028545379638671875 0.2038966417312622
0.5276988744735718 0.6456878185272217 0.04098081588745117 0.03827989101409912 0.20332609117031097
0.42012834548950195 0.6456280946731567 0.05243176221847534 0.04586678743362427 0.2019738107919693
0.47165805101394653 0.8595123291015625 0.043159693479537964 0.039498090744018555 0.17726576328277588
0.4209786057472229 0.6463077664375305 0.04753723740577698 0.04235208034515381 0.17088215053081512
0.5971760749816895 0.7756487131118774 0.04732859134674072 0.049435317516326904 0.1584407538175583
0.6604328155517578 0.13382895290851593 0.048664212226867676 0.04335963726043701 0.15438403189182281
0.6050155162811279 0.10171148180961609 0.049150824546813965 0.06609413772821426 0.13986772298812866
0.5219374895095825 0.6452445983886719 0.06037813425064087 0.05281639099121094 0.13738039135932922
0.6625441312789917 0.12265875190496445 0.05236583948135376 0.06293626129627228 0.1351156234741211
0.6056327819824219 0.11161023378372192 0.057328224182128906 0.06166500598192215 0.12155921757221222
0.5370205640792847 0.8029053211212158 0.03431802988052368 0.0351293683052063 0.11648081243038177
0.659118115901947 0.13735851645469666 0.03973567485809326 0.03168763965368271 0.11573083698749542
0.7588682174682617 0.43003422021865845 0.04465162754058838 0.04346159100532532 0.11252370476722717
0.5480925440788269 0.7110426425933838 0.02989327907562256 0.028129398822784424 0.11188170313835144
0.39414793252944946 0.7012256383895874 0.07774367928504944 0.06752777099609375 0.11102312803268433
0.41209936141967773 0.827501654624939 0.04975810647010803 0.04117625951766968 0.10451435297727585
0.6089531183242798 0.1142321228981018 0.0766412615776062 0.06817323714494705 0.09879928827285767
0.7567354440689087 0.42918479442596436 0.03381556272506714 0.029828161001205444 0.09568116068840027
0.662680983543396 0.11469532549381256 0.061677396297454834 0.0810193121433258 0.09421364217996597
0.3875049650669098 0.7017984986305237 0.06848317384719849 0.0659632682800293 0.0916537493467331
0.3790052831172943 0.9839988946914673 0.053378403186798096 0.032002151012420654 0.09098793566226959
0.5948516726493835 0.7759729623794556 0.03819882869720459 0.03947180509567261 0.08552464097738266
0.549089789390564 0.7114943265914917 0.037968218326568604 0.03549766540527344 0.08464743196964264
0.7514371871948242 0.7112997770309448 0.058635711669921875 0.055026471614837646 0.07912158221006393
0.7967954874038696 0.37042236328125 0.02529698610305786 0.02443253993988037 0.07886496931314468
0.504377543926239 0.18418864905834198 0.02253091335296631 0.019237667322158813 0.07806137949228287
0.7973377704620361 0.37083810567855835 0.033600032329559326 0.032223016023635864 0.07590151578187943
0.47119346261024475 0.8573648929595947 0.05324840545654297 0.047467052936553955 0.07472212612628937
0.7470390796661377 0.7100098729133606 0.047500789165496826 0.04352247714996338 0.07037581503391266
0.537501335144043 0.646073579788208 0.06426548957824707 0.05475306510925293 0.06398113816976547
0.30874359607696533 0.09025926142930984 0.03482818603515625 0.030350029468536377 0.06358285248279572
0.5301990509033203 0.7994157671928406 0.04397773742675781 0.04184854030609131 0.06278825551271439
0.7411357164382935 0.709201455116272 0.039048969745635986 0.039539873600006104 0.061580780893564224
0.7625735998153687 0.4311167597770691 0.058483898639678955 0.05161619186401367 0.06117605045437813
0.5148020386695862 0.7831556797027588 0.03926515579223633 0.03357064723968506 0.058238208293914795
0.3097835183143616 0.09036518633365631 0.042329996824264526 0.036763615906238556 0.05142774432897568
0.3833010196685791 0.7025520205497742 0.047232985496520996 0.049497246742248535 0.04965822026133537
0.5197755098342896 0.7906864881515503 0.050554364919662476 0.05168980360031128 0.04832933470606804
0.5143600702285767 0.7782179713249207 0.04536822438240051 0.03322124481201172 0.046302977949380875
0.5357532501220703 0.8033866882324219 0.028151750564575195 0.028401732444763184 0.045193202793598175
0.5779067277908325 0.5630316734313965 0.027258336544036865 0.026322007179260254 0.044686224311590195
0.5784316062927246 0.5623245239257812 0.03325963020324707 0.031937599182128906 0.04436738044023514
0.6056621074676514 0.10999071598052979 0.04250830411911011 0.04156763106584549 0.04166160151362419
0.3704097867012024 0.6943111419677734 0.07900485396385193 0.07438373565673828 0.04067147895693779
0.6694166660308838 0.09300729632377625 0.051071345806121826 0.05517437309026718 0.040024157613515854
0.7960209846496582 0.37094059586524963 0.04617375135421753 0.04131823778152466 0.038901977241039276
0.4252725839614868 0.6459109783172607 0.06184041500091553 0.05149954557418823 0.037794049829244614
0.3817250728607178 0.6950420141220093 0.04388320446014404 0.040818750858306885 0.03538280725479126
0.5705898404121399 0.8984137773513794 0.05932176113128662 0.04780864715576172 0.033879369497299194
0.3751358389854431 0.9810661673545837 0.062445610761642456 0.03786766529083252 0.03386462479829788
0.5990382432937622 0.7739967107772827 0.05941122770309448 0.05938059091567993 0.033246204257011414
0.5112203359603882 0.7982460260391235 0.06515485048294067 0.07046419382095337 0.03225918114185333
0.518179714679718 0.7823237180709839 0.053107261657714844 0.045588016510009766 0.029682675376534462
0.5042620897293091 0.18573659658432007 0.02847805619239807 0.025710150599479675 0.029230747371912003
0.756888747215271 0.4236910939216614 0.041864871978759766 0.035339564085006714 0.029033705592155457
0.45331010222435 0.7828094959259033 0.03854769468307495 0.03828030824661255 0.02895514667034149
0.5105441212654114 0.7790955305099487 0.050933271646499634 0.042367398738861084 0.027013950049877167
0.372269868850708 0.9810872077941895 0.05340451002120972 0.037825584411621094 0.02655191160738468
0.6584107875823975 0.13417619466781616 0.05975836515426636 0.056061312556266785 0.02588675357401371
0.5054771900177002 0.18712061643600464 0.03461313247680664 0.032168805599212646 0.025432484224438667
0.5763814449310303 0.8969623446464539 0.056160151958465576 0.055799126625061035 0.024356668815016747
0.6971089839935303 0.43012818694114685 0.035137951374053955 0.030320346355438232 0.02421119250357151
0.38746243715286255 0.9850245714187622 0.04730150103569031 0.02995079755783081 0.023935306817293167
0.5015722513198853 0.18511521816253662 0.03437432646751404 0.027505457401275635 0.02387591451406479
0.47765541076660156 0.8563735485076904 0.06784608960151672 0.05390089750289917 0.023185431957244873
0.6231813430786133 0.28303128480911255 0.033056437969207764 0.029715806245803833 0.022737519815564156
0.651138186454773 0.11499129235744476 0.09794920682907104 0.08734490722417831 0.022170070558786392
0.5098850727081299 0.641380786895752 0.07181942462921143 0.05433022975921631 0.02174772135913372
0.6536805033683777 0.13737870752811432 0.041610121726989746 0.03945178538560867 0.021594669669866562
0.6034379005432129 0.7625868320465088 0.07157206535339355 0.08009004592895508 0.0212533138692379
0.5153724551200867 0.7962648868560791 0.06743085384368896 0.06431978940963745 0.021068332716822624
0.6222673654556274 0.28373831510543823 0.024568617343902588 0.023354142904281616 0.020924406126141548
0.5458766222000122 0.7091161608695984 0.052194058895111084 0.04626905918121338 0.02011515572667122
0.5348182916641235 0.8040473461151123 0.046075284481048584 0.04037594795227051 0.019526518881320953
0.5778335332870483 0.5613425970077515 0.043321430683135986 0.03971594572067261 0.019496871158480644
0.6253673434257507 0.1127869114279747 0.1092904806137085 0.07373310625553131 0.018973296508193016
0.4994324743747711 0.8162580728530884 0.07110577821731567 0.055435240268707275 0.018792377784848213
0.5008944272994995 0.8117530345916748 0.05976313352584839 0.04571801424026489 0.018668033182621002
0.6078015565872192 0.10493767261505127 0.06716400384902954 0.0698944628238678 0.01830255426466465
0.5718148946762085 0.8929229974746704 0.07002085447311401 0.06425434350967407 0.018136486411094666
0.4536103308200836 0.7815974354743958 0.030094921588897705 0.02842080593109131 0.01696779578924179
0.6242698431015015 0.2827249765396118 0.03852558135986328 0.036827802658081055 0.01644310913980007
0.7569410800933838 0.4214818477630615 0.04961329698562622 0.04778319597244263 0.01623990759253502
0.6698096394538879 0.10885223746299744 0.05506598949432373 0.07732630521059036 0.015829121693968773
0.010337164625525475 0.7307294607162476 0.02067432925105095 0.03340250253677368 0.014381869696080685
0.6041215658187866 0.09190652519464493 0.0430111289024353 0.04152016341686249 0.014054710976779461
0.6964858770370483 0.4307548403739929 0.02693098783493042 0.024339884519577026 0.013295119628310204
0.6706369519233704 0.09305809438228607 0.04268455505371094 0.044274650514125824 0.013150508515536785
0.6063790321350098 0.024098243564367294 0.04537808895111084 0.04425957053899765 0.012686015106737614
0.5058111548423767 0.8115803003311157 0.060861676931381226 0.04284858703613281 0.012355123646557331
0.7591947317123413 0.7098962664604187 0.07500267028808594 0.06273019313812256 0.012352057732641697
0.4022431969642639 0.7019393444061279 0.09583094716072083 0.07374268770217896 0.01226107869297266
0.4133005142211914 0.6514133214950562 0.05618572235107422 0.04941195249557495 0.011556618846952915
0.7590552568435669 0.42335033416748047 0.048383891582489014 0.049275219440460205 0.01115582138299942
0.5071576237678528 0.19313788414001465 0.03549709916114807 0.04217177629470825 0.010709629394114017
0.36640411615371704 0.6858386397361755 0.08469894528388977 0.07119452953338623 0.010602879337966442
0.495648056268692 0.6384669542312622 0.05396240949630737 0.05235773324966431 0.010535884648561478
0.5106943845748901 0.8044847249984741 0.08969202637672424 0.04480212926864624 0.010413246229290962
0.696683406829834 0.43085604906082153 0.04509890079498291 0.03987047076225281 0.010307745076715946
0.5504393577575684 0.7137420773506165 0.049941420555114746 0.04409348964691162 0.010278560221195221
0.6040156483650208 0.08406481891870499 0.04417455196380615 0.03951120376586914 0.009765000082552433
0.5113989114761353 0.7989872694015503 0.07505470514297485 0.056377410888671875 0.009358392097055912
0.40705934166908264 0.8296571969985962 0.05298584699630737 0.049603283405303955 0.00934698898345232
0.012565678916871548 0.731458842754364 0.02430061064660549 0.039670348167419434 0.00906098261475563
0.5791647434234619 0.5614697933197021 0.05347651243209839 0.04821699857711792 0.00895602535456419
0.5412382483482361 0.6488667726516724 0.0841732919216156 0.06292390823364258 0.008628309704363346
0.6269798278808594 0.2831053137779236 0.049158692359924316 0.043595582246780396 0.008034870959818363
0.7998623847961426 0.36954009532928467 0.057100892066955566 0.05107918381690979 0.007913077250123024
0.5793437957763672 0.9026153683662415 0.041976094245910645 0.03490257263183594 0.007883484475314617
0.4697457253932953 0.8506313562393188 0.045185089111328125 0.04122966527938843 0.007736867293715477
0.41742974519729614 0.8311785459518433 0.05068501830101013 0.04512268304824829 0.007571821566671133
0.7010811567306519 0.4297771453857422 0.05625075101852417 0.047650039196014404 0.007546409498900175
0.00712559511885047 0.7311156988143921 0.01425119023770094 0.02847433090209961 0.007354733534157276
0.4941893517971039 0.8113038539886475 0.04139024019241333 0.037461936473846436 0.006596629973500967
0.5201691389083862 0.8495649099349976 0.06721442937850952 0.04132193326950073 0.006448627915233374
0.5063709020614624 0.8541301488876343 0.11388880014419556 0.05602836608886719 0.006348645314574242
0.5004462003707886 0.18494176864624023 0.04585227370262146 0.036877453327178955 0.006347114220261574
0.741294264793396 0.7098387479782104 0.0601235032081604 0.053489744663238525 0.006128276698291302
0.5111451148986816 0.8212337493896484 0.08708858489990234 0.08009946346282959 0.00610357616096735
0.832111120223999 0.8384672403335571 0.026148617267608643 0.02567058801651001 0.006046826019883156
0.7666701078414917 0.8766157031059265 0.02269190549850464 0.02267897129058838 0.006042144726961851
0.4928859770298004 0.8096107244491577 0.06511276960372925 0.05382424592971802 0.005962495692074299
0.6387757062911987 0.7367881536483765 0.050442278385162354 0.0579986572265625 0.00595752103254199
0.5185633897781372 0.8530615568161011 0.043229490518569946 0.0372348427772522 0.005910503212362528
0.6449681520462036 0.6301593780517578 0.06734615564346313 0.06239473819732666 0.00589832803234458
0.4995194971561432 0.1859385073184967 0.03843611478805542 0.03380526602268219 0.005513110663741827
0.6718553304672241 0.10090343654155731 0.06691664457321167 0.07230629771947861 0.005372455809265375
0.43616437911987305 0.6404519081115723 0.07812708616256714 0.06054049730300903 0.005339648574590683
0.8321664333343506 0.8394066095352173 0.024252712726593018 0.022964894771575928 0.005314190872013569
0.5007163286209106 0.6353276968002319 0.061770617961883545 0.049705326557159424 0.005277895834296942
0.409881055355072 0.8243668675422668 0.06332948803901672 0.057047486305236816 0.005243194755166769
0.5834028720855713 0.5667607188224792 0.051014721393585205 0.041916728019714355 0.005240325350314379
0.6189087629318237 0.03514871746301651 0.027879178524017334 0.02610575035214424 0.005200881976634264
0.6159157752990723 0.028800148516893387 0.037108421325683594 0.041763126850128174 0.005196721293032169
0.9117237329483032 0.5794929265975952 0.017416775226593018 0.017857134342193604 0.005193325690925121
0.5246745944023132 0.788536787033081 0.06325960159301758 0.06467199325561523 0.005153620149940252
0.49371597170829773 0.8391426801681519 0.10493546724319458 0.08329826593399048 0.005074306856840849
0.570711612701416 0.8986101150512695 0.04879647493362427 0.03727245330810547 0.0048940135166049
0.49079078435897827 0.6363292932510376 0.036850810050964355 0.04338568449020386 0.004859653767198324
0.4516478180885315 0.7815194129943848 0.053397178649902344 0.04455888271331787 0.004733973648399115
0.7294055223464966 0.9101898074150085 0.021458089351654053 0.019838333129882812 0.004547812510281801
0.8310664892196655 0.8384954333305359 0.03449970483779907 0.031092047691345215 0.004532330669462681
0.4971659779548645 0.18721312284469604 0.05125787854194641 0.040205031633377075 0.004458967596292496
0.7655447125434875 0.8764198422431946 0.0296630859375 0.028997063636779785 0.004403859842568636
0.6956528425216675 0.6099499464035034 0.031314074993133545 0.03561192750930786 0.0041832649149000645
0.7368240356445312 0.7061676979064941 0.06367850303649902 0.053833603858947754 0.004163550678640604
0.5286242961883545 0.8517419099807739 0.058354198932647705 0.03527545928955078 0.004155697301030159
0.6775139570236206 0.7560180425643921 0.029716312885284424 0.030725061893463135 0.0040617091581225395
0.3556312024593353 0.6728917360305786 0.057792484760284424 0.044987261295318604 0.004029977601021528
0.4030168652534485 0.6923666000366211 0.07728013396263123 0.05972415208816528 0.004021590109914541
0.6460043787956238 0.7450302839279175 0.07474708557128906 0.05490875244140625 0.003963981289416552
0.6090637445449829 0.09236417710781097 0.06514209508895874 0.06655872613191605 0.0039275330491364
0.6945548057556152 0.6116926670074463 0.026802659034729004 0.027753055095672607 0.0037921383045613766
0.005490051116794348 0.40541815757751465 0.010980102233588696 0.02464282512664795 0.003706221003085375
0.5349453687667847 0.8048913478851318 0.06015568971633911 0.04896050691604614 0.0035480386577546597
0.7303144931793213 0.9112547039985657 0.025992751121520996 0.023661017417907715 0.0034631239250302315
0.7616549730300903 0.4365454614162445 0.06977123022079468 0.06007307767868042 0.003416229970753193
0.6384867429733276 0.7451255321502686 0.047790348529815674 0.051361262798309326 0.003360044676810503
0.0082858232781291 0.404578298330307 0.0165716465562582 0.0298650860786438 0.0033298826310783625
0.5298503637313843 0.8513015508651733 0.07110327482223511 0.05409926176071167 0.0032899430952966213
0.5723791122436523 0.5609073638916016 0.062136054039001465 0.055905938148498535 0.0032190552446991205
0.5942060351371765 0.6052024364471436 0.05502927303314209 0.04864102602005005 0.0031483429484069347
0.46213650703430176 0.7926374077796936 0.07541400194168091 0.06018400192260742 0.002975380513817072
0.6730400919914246 0.10894310474395752 0.08176267147064209 0.08338499814271927 0.0028752158395946026
0.768909215927124 0.43065083026885986 0.06870824098587036 0.06205567717552185 0.002873858669772744
0.5117210149765015 0.1978195458650589 0.05380648374557495 0.05624088644981384 0.00286967889405787
0.42100536823272705 0.6411709785461426 0.06795880198478699 0.0528680682182312 0.0028454007115215063
0.4208862781524658 0.8186715841293335 0.07060497999191284 0.06504595279693604 0.0027514267712831497
0.7137806415557861 0.7774304151535034 0.05753445625305176 0.061567485332489014 0.0027506996411830187
0.6392958164215088 0.6404181718826294 0.052022337913513184 0.05077105760574341 0.0027153959963470697
0.4513801038265228 0.8433230519294739 0.09871453046798706 0.07407915592193604 0.002705032704398036
0.5758305788040161 0.8980169296264648 0.05070638656616211 0.038715362548828125 0.0026479833759367466
0.3549432158470154 0.6879091262817383 0.0637054443359375 0.06585824489593506 0.002622121712192893
0.44519779086112976 0.6440694332122803 0.10481584072113037 0.0646011233329773 0.0026180322747677565
0.508137583732605 0.2044816017150879 0.02853068709373474 0.022219032049179077 0.00257723405957222
0.5023250579833984 0.19529297947883606 0.048431396484375 0.047310397028923035 0.0025475393049418926
0.6175754070281982 0.7550399899482727 0.10846346616744995 0.09112775325775146 0.0025258823297917843
0.6752864718437195 0.7552353143692017 0.041310787200927734 0.03783947229385376 0.0024887765757739544
0.6343137621879578 0.13523387908935547 0.10153067111968994 0.0728355422616005 0.002369128866121173
0.7424347400665283 0.597004771232605 0.06720906496047974 0.06340914964675903 0.0023382774088531733
0.5001711249351501 0.6403296589851379 0.07523652911186218 0.0597308874130249 0.0023263832554221153
0.42534857988357544 0.07771565020084381 0.03167828917503357 0.02648284286260605 0.0022962726652622223
0.5170575380325317 0.7787793278694153 0.06907707452774048 0.05370461940765381 0.002281112829223275
0.6388072967529297 0.7427632212638855 0.04146921634674072 0.04074370861053467 0.002248284639790654
0.7705792188644409 0.2191740870475769 0.04366236925125122 0.04712687432765961 0.0022114464081823826
0.8307845592498779 0.8391698598861694 0.033926188945770264 0.03020709753036499 0.0021704775281250477
0.2156010866165161 0.8376811742782593 0.026617705821990967 0.024325549602508545 0.0021584774367511272
0.5100519061088562 0.20044881105422974 0.03331908583641052 0.03698273003101349 0.002133778063580394
0.5145453810691833 0.648841142654419 0.09473991394042969 0.06566035747528076 0.002074022078886628
0.6631653308868408 0.09087564051151276 0.07401734590530396 0.06840140372514725 0.00203575543127954
0.5225749015808105 0.6403282880783081 0.07572481036186218 0.06652814149856567 0.001943063922226429
0.21998126804828644 0.5415239334106445 0.03010830283164978 0.02780759334564209 0.0019056013552471995
0.6375500559806824 0.7497514486312866 0.10430014133453369 0.06644648313522339 0.0019037622259929776
0.3455381989479065 0.6696115732192993 0.03782293200492859 0.030919373035430908 0.0018298032227903605
0.6132925152778625 0.6018754839897156 0.08203375339508057 0.05977439880371094 0.0018164027715101838
0.19769492745399475 0.9408056139945984 0.019271209836006165 0.019077301025390625 0.0018124784110113978
0.5976971387863159 0.08710770308971405 0.05416077375411987 0.05086510628461838 0.0018105091294273734
0.5843071937561035 0.8882587552070618 0.0714263916015625 0.07032430171966553 0.001775051117874682
0.22033658623695374 0.541856050491333 0.024520769715309143 0.02303910255432129 0.0017470687162131071
0.712415337562561 0.778806209564209 0.0449863076210022 0.052371323108673096 0.0017421176889911294
0.5651466250419617 0.8834208250045776 0.08076488971710205 0.08090287446975708 0.0017175007378682494
0.6433164477348328 0.7344870567321777 0.07165682315826416 0.0703500509262085 0.0016990660224109888
0.7301856875419617 0.9130836725234985 0.03454744815826416 0.031446874141693115 0.0016523272497579455
0.7880531549453735 0.5546092987060547 0.04621124267578125 0.04415249824523926 0.0016403049230575562
0.620698094367981 0.6081423163414001 0.10333824157714844 0.06830465793609619 0.0016200807876884937
0.5040889382362366 0.7862392663955688 0.055431634187698364 0.05287736654281616 0.0016135943587869406
0.6323806643486023 0.7318916320800781 0.07194483280181885 0.06996500492095947 0.0015921475132927299
0.792449951171875 0.3761129379272461 0.05138516426086426 0.050646185874938965 0.0015272189630195498
0.58781898021698 0.5836784839630127 0.057498157024383545 0.07173174619674683 0.001517843920737505
0.6054555177688599 0.12329447269439697 0.053707659244537354 0.046889133751392365 0.0015054639661684632
0.6441662907600403 0.608230710029602 0.08513414859771729 0.06982040405273438 0.0015054389368742704
0.31002748012542725 0.0885077640414238 0.0554756224155426 0.04793804883956909 0.001496847253292799
0.5642988681793213 0.893202543258667 0.06566047668457031 0.0646774172782898 0.0014543101424351335
0.44377821683883667 0.7934353351593018 0.07532653212547302 0.06483536958694458 0.0014494729693979025
0.5192567110061646 0.8345248699188232 0.08659592270851135 0.08120578527450562 0.0014337287284433842
0.6297746896743774 0.6375281810760498 0.07865601778030396 0.0649382472038269 0.0014231353998184204
0.584693431854248 0.9008947610855103 0.07287728786468506 0.06049156188964844 0.001417222316376865
0.45251554250717163 0.5911848545074463 0.037014275789260864 0.033475637435913086 0.001379870343953371
0.698829174041748 0.766945481300354 0.0732961893081665 0.059001147747039795 0.0013676409143954515
0.5999816656112671 0.6100931167602539 0.057663142681121826 0.05618172883987427 0.0013565749395638704
0.6851886510848999 0.7582865953445435 0.04688835144042969 0.04367011785507202 0.0013538477942347527
0.48659247159957886 0.7878153324127197 0.10841214656829834 0.06821072101593018 0.0013531510485336185
0.36613646149635315 0.9783191084861755 0.05789881944656372 0.043361783027648926 0.0013524050591513515
0.6684789657592773 0.10596808791160583 0.046478271484375 0.04743948578834534 0.001348045072518289
0.5101611018180847 0.20455998182296753 0.04047966003417969 0.03860883414745331 0.0013332176022231579
0.7421785593032837 0.7059524059295654 0.04882317781448364 0.04529637098312378 0.001281704637221992
0.8281210660934448 0.8468521237373352 0.04053133726119995 0.04161989688873291 0.001279077143408358
0.3849679231643677 0.9765966534614563 0.06823292374610901 0.0468066930770874 0.0012684459798038006
0.8243772983551025 0.856798529624939 0.04218655824661255 0.04606133699417114 0.0012667387491092086
0.7401210069656372 0.5905787348747253 0.05226898193359375 0.058265089988708496 0.0012662658700719476
0.7171903848648071 0.5979839563369751 0.08253425359725952 0.06626605987548828 0.0012210470158606768
0.1975170373916626 0.9401500821113586 0.0275021493434906 0.02751791477203369 0.001197520294226706
0.6936704516410828 0.6086829900741577 0.039380669593811035 0.043229639530181885 0.001195699442178011
0.6801126599311829 0.7485528588294983 0.050347208976745605 0.05233335494995117 0.0011950668413192034
0.45291632413864136 0.5940942764282227 0.036746978759765625 0.035071611404418945 0.001193643664009869
0.7661768794059753 0.44082745909690857 0.08386194705963135 0.07593727111816406 0.0011934504145756364
0.40032514929771423 0.7066413164138794 0.05724269151687622 0.054902613162994385 0.0011018462246283889
0.6628095507621765 0.13408438861370087 0.07783985137939453 0.0667504295706749 0.0010989404981955886
0.5428871512413025 0.9933314919471741 0.02879190444946289 0.013337016105651855 0.0010914598824456334
0.5071238279342651 0.989632785320282 0.03924912214279175 0.020499825477600098 0.0010883347131311893
0.6464089751243591 0.6186701059341431 0.0611492395401001 0.050942420959472656 0.001064371899701655
0.48551008105278015 0.6316379308700562 0.07199174165725708 0.05575793981552124 0.001053471933118999
0.011025097221136093 0.40596574544906616 0.021471962332725525 0.03723868727684021 0.0010443301871418953
0.591570258140564 0.7836413383483887 0.0723983645439148 0.06328928470611572 0.0010366549249738455
0.5248345732688904 0.8438885807991028 0.04755866527557373 0.03964841365814209 0.0010324970353394747
0.5059055089950562 0.9858993291854858 0.04444655776023865 0.027459681034088135 0.0010211499175056815
0.5051533579826355 0.7740484476089478 0.06718894839286804 0.05427306890487671 0.001011282205581665
0.4048795700073242 0.8222960233688354 0.0521167516708374 0.0453374981880188 0.0009921740274876356
0.5867842435836792 0.5663792490959167 0.0615275502204895 0.05540943145751953 0.0009806372690945864
0.5628968477249146 0.6423153877258301 0.1157497763633728 0.06549519300460815 0.0009803734719753265
0.6363839507102966 0.6204642057418823 0.08873951435089111 0.07205337285995483 0.0009558357414789498
0.7690902948379517 0.21928301453590393 0.03559321165084839 0.036212339997291565 0.0009485074551776052
0.4957839548587799 0.19468197226524353 0.06664437055587769 0.054823920130729675 0.0009473451063968241
0.6741901636123657 0.10268253087997437 0.04421311616897583 0.040828391909599304 0.0009356438531540334
0.34683483839035034 0.6692589521408081 0.049991458654403687 0.04193216562271118 0.0009302810649387538
0.7655137777328491 0.4194861650466919 0.06874507665634155 0.062372565269470215 0.0009212755830958486
0.5274273157119751 0.7744683027267456 0.08447235822677612 0.06117302179336548 0.000921167666092515
0.5940471887588501 0.5948083996772766 0.06134551763534546 0.05310821533203125 0.0009041710291057825
0.7887619137763977 0.36267489194869995 0.06271421909332275 0.05889388918876648 0.0008881535031832755
0.6127530336380005 0.8410924673080444 0.0294913649559021 0.028065860271453857 0.0008722424390725791
0.006500817835330963 0.4081312417984009 0.013001635670661926 0.03308257460594177 0.0008645233465358615
0.5574983358383179 0.716968297958374 0.0782327651977539 0.0642048716545105 0.0008527279132977128
0.40563440322875977 0.8767291307449341 0.03573906421661377 0.02887970209121704 0.0008510188199579716
0.6184945106506348 0.5870070457458496 0.097342848777771 0.07221150398254395 0.000834394246339798
0.7703423500061035 0.8778620958328247 0.03540956974029541 0.039209187030792236 0.0008268688106909394
0.21849480271339417 0.5416444540023804 0.0355309396982193 0.034173548221588135 0.0008160783909261227
0.5983613133430481 0.12357897311449051 0.08059883117675781 0.07369570434093475 0.0008010486490093172
0.7692994475364685 0.434594064950943 0.05134439468383789 0.04419344663619995 0.0007996377535164356
0.34888380765914917 0.679589569568634 0.057290345430374146 0.055550217628479004 0.0007885660161264241
0.6168977618217468 0.633188009262085 0.11208438873291016 0.06493550539016724 0.0007884168880991638
0.5502763986587524 0.6517246961593628 0.05803936719894409 0.05344247817993164 0.0007618052186444402
0.670081377029419 0.60028076171875 0.0947149395942688 0.07159137725830078 0.000760256836656481
0.4836243689060211 0.8302078247070312 0.0844537615776062 0.08584856986999512 0.0007579983794130385
0.10628156363964081 0.8875839710235596 0.04037555307149887 0.04687386751174927 0.0007539514335803688
0.4073255658149719 0.9134591817855835 0.030781537294387817 0.028240203857421875 0.0007246530731208622
0.8187023401260376 0.8682832717895508 0.030132293701171875 0.0253450870513916 0.0007236534729599953
0.39624083042144775 0.6717230677604675 0.10201558470726013 0.1026531457901001 0.0007207638118416071
0.7530794143676758 0.4108272194862366 0.05499708652496338 0.04708930850028992 0.0007129431469365954
0.7110222578048706 0.7844047546386719 0.037661850452423096 0.038759827613830566 0.0007077279733493924
0.41394925117492676 0.6975359320640564 0.08997762203216553 0.06860911846160889 0.0007007645326666534
0.6155017614364624 0.841684103012085 0.04392194747924805 0.03972357511520386 0.0006923199980519712
0.39301997423171997 0.70860755443573 0.09715571999549866 0.0802268385887146 0.0006838903645984828
0.41672399640083313 0.6750695705413818 0.08399546146392822 0.08383733034133911 0.0006770016043446958
0.3742358684539795 0.7090609073638916 0.08408463001251221 0.0728486180305481 0.0006649877177551389
0.7358160018920898 0.5995237827301025 0.07574236392974854 0.06510281562805176 0.000654923147521913
0.7516677379608154 0.4188302159309387 0.06261897087097168 0.05887529253959656 0.0006459274445660412
0.4067942500114441 0.9138718843460083 0.04114505648612976 0.03713876008987427 0.0006421155412681401
0.40897631645202637 0.8493982553482056 0.05278235673904419 0.05286520719528198 0.000633102492429316
0.40935683250427246 0.849441409111023 0.06254148483276367 0.07795566320419312 0.000627918925601989
0.5397354364395142 0.9902191162109375 0.03764539957046509 0.01933574676513672 0.0006224992102943361
0.40599942207336426 0.8768268823623657 0.027257263660430908 0.0228118896484375 0.0006188189727254212
0.7155649065971375 0.7674944400787354 0.0659780502319336 0.061878979206085205 0.0006114343996159732
0.6062283515930176 0.6179721355438232 0.08017939329147339 0.07510262727737427 0.0005860466044396162
0.8205320239067078 0.8622605204582214 0.047368645668029785 0.04786813259124756 0.0005791442818008363
0.40945786237716675 0.9000371098518372 0.048637956380844116 0.062119483947753906 0.0005718558677472174
0.5860445499420166 0.5927999019622803 0.07205367088317871 0.07637953758239746 0.0005718212341889739
