x y width height conf
0.2448471337556839 0.8532242774963379 0.017232745885849 0.015840530395507812 0.6403859853744507
0.5043311715126038 0.7595633268356323 0.02245977520942688 0.024589240550994873 0.6167730689048767
0.17871205508708954 0.7933605909347534 0.0167902410030365 0.01589733362197876 0.5871987342834473
0.15442943572998047 0.7408164739608765 0.02069428563117981 0.01856917142868042 0.5422190427780151
0.3080063760280609 0.8693798184394836 0.01988619565963745 0.018438339233398438 0.5352905988693237
0.21436530351638794 0.8559598922729492 0.02097301185131073 0.023077726364135742 0.5267027616500854
0.18345744907855988 0.7580868601799011 0.021102458238601685 0.019803643226623535 0.5263420343399048
0.2266351580619812 0.8106516599655151 0.023545458912849426 0.022683918476104736 0.5114020705223083
0.2348335087299347 0.46685343980789185 0.017172858119010925 0.015186309814453125 0.5040783286094666
0.19553661346435547 0.8204185366630554 0.02198544144630432 0.022292733192443848 0.4781542420387268
0.37764281034469604 0.6840204000473022 0.020561963319778442 0.019264161586761475 0.46452367305755615
0.27221161127090454 0.8555488586425781 0.02058914303779602 0.02020132541656494 0.4522240459918976
0.16074296832084656 0.8181591033935547 0.021032437682151794 0.02136385440826416 0.44182729721069336
0.4391506612300873 0.840914249420166 0.034053146839141846 0.03538632392883301 0.4348943829536438
0.22253164649009705 0.6080533266067505 0.01767873764038086 0.01654052734375 0.4327901601791382
0.14913499355316162 0.48179951310157776 0.028346538543701172 0.02841740846633911 0.4171847701072693
0.31786829233169556 0.8962480425834656 0.021753042936325073 0.01848447322845459 0.4144841432571411
0.6222658157348633 0.2339942902326584 0.023775815963745117 0.022920697927474976 0.39421164989471436
0.2955509424209595 0.8251617550849915 0.03348860144615173 0.03944361209869385 0.3922941982746124
0.307087242603302 0.9170762896537781 0.02192211151123047 0.017967581748962402 0.3871552646160126
0.16186706721782684 0.5968545079231262 0.018334299325942993 0.01802384853363037 0.38592901825904846
0.12337075173854828 0.7612965106964111 0.020015954971313477 0.02056676149368286 0.3847510516643524
0.2751868963241577 0.7383785843849182 0.025870412588119507 0.023780345916748047 0.36796921491622925
0.3492659628391266 0.8047626614570618 0.0169946551322937 0.016228795051574707 0.36226409673690796
0.42963045835494995 0.8775379061698914 0.01625940203666687 0.014728546142578125 0.36204057931900024
0.24705281853675842 0.9064790606498718 0.024274587631225586 0.021683096885681152 0.35698631405830383
0.6262451410293579 0.30227479338645935 0.017719805240631104 0.017058193683624268 0.35558342933654785
0.423697292804718 0.9528793096542358 0.02582380175590515 0.021897494792938232 0.3402870297431946
0.20561248064041138 0.7857155799865723 0.019251152873039246 0.018738746643066406 0.3365955948829651
0.07811836898326874 0.6975394487380981 0.017535023391246796 0.01744896173477173 0.32581019401550293
0.38441765308380127 0.8829628229141235 0.016369909048080444 0.015167653560638428 0.3108976483345032
0.34986412525177 0.961765468120575 0.021685481071472168 0.020378470420837402 0.307522714138031
0.37146806716918945 0.8499345779418945 0.01818394660949707 0.017339706420898438 0.3061908483505249
0.6261155605316162 0.3029285669326782 0.021359622478485107 0.021585553884506226 0.3026858866214752
0.47830021381378174 0.34854015707969666 0.021328061819076538 0.01915377378463745 0.29754796624183655
0.5588843822479248 0.27275508642196655 0.02810591459274292 0.02585485577583313 0.2939314842224121
0.4918566644191742 0.3069388270378113 0.021017849445343018 0.019335120916366577 0.28840798139572144
0.37759751081466675 0.9645318984985352 0.017143219709396362 0.016344785690307617 0.280559778213501
0.24800479412078857 0.8298246264457703 0.015160933136940002 0.014583945274353027 0.276428759098053
0.28607672452926636 0.4345446825027466 0.029149502515792847 0.02538815140724182 0.27607303857803345
0.4061095118522644 0.8477800488471985 0.021099060773849487 0.019786477088928223 0.2747080624103546
0.3768327236175537 0.6848283410072327 0.02491772174835205 0.024469733238220215 0.26844680309295654
0.29021042585372925 0.8317224383354187 0.030181914567947388 0.03249549865722656 0.2659420073032379
0.29780346155166626 0.8180239200592041 0.026292115449905396 0.031695544719696045 0.26375752687454224
0.3572523593902588 0.9207330942153931 0.021262288093566895 0.01811748743057251 0.2580786645412445
0.5956083536148071 0.21827511489391327 0.027130186557769775 0.025681018829345703 0.2551787793636322
0.23030748963356018 0.4479963183403015 0.018966004252433777 0.016061216592788696 0.25002261996269226
0.36860787868499756 0.8920427560806274 0.01798570156097412 0.01804584264755249 0.24660837650299072
0.32597780227661133 0.8238893747329712 0.0226057767868042 0.021684229373931885 0.24641068279743195
0.2663029432296753 0.4765358865261078 0.023563265800476074 0.023238837718963623 0.24412375688552856
0.14077240228652954 0.5183660984039307 0.01757355034351349 0.016555428504943848 0.23537226021289825
0.23533695936203003 0.46741676330566406 0.021184489130973816 0.017692744731903076 0.22946858406066895
0.5676420331001282 0.33699890971183777 0.025447845458984375 0.023956358432769775 0.22920700907707214
0.6631126403808594 0.306421160697937 0.022588133811950684 0.02176511287689209 0.22403281927108765
0.6252299547195435 0.2607441544532776 0.01832181215286255 0.018082886934280396 0.21967212855815887
0.5432730913162231 0.38615328073501587 0.024251043796539307 0.022795885801315308 0.21900497376918793
0.2369491159915924 0.8998358845710754 0.0205908864736557 0.01976335048675537 0.21199718117713928
0.24426715075969696 0.5699357986450195 0.01648011803627014 0.014737129211425781 0.2086699903011322
0.3963333070278168 0.9383968114852905 0.025096416473388672 0.023362159729003906 0.2058047503232956
0.21884262561798096 0.5009052157402039 0.017313659191131592 0.016055315732955933 0.20567214488983154
0.3427559733390808 0.25080886483192444 0.02694985270500183 0.024569034576416016 0.20493392646312714
0.3150496482849121 0.5763395428657532 0.019566386938095093 0.017404913902282715 0.2033228576183319
0.508187472820282 0.8558685779571533 0.01685476303100586 0.01699143648147583 0.2025129497051239
0.1667829006910324 0.7714207172393799 0.016226768493652344 0.015917956829071045 0.20047061145305634
0.455782413482666 0.6210195422172546 0.014657795429229736 0.013199448585510254 0.1959807574748993
0.24634869396686554 0.9079935550689697 0.028429239988327026 0.026921451091766357 0.19548772275447845
0.44378963112831116 0.3413245677947998 0.022280991077423096 0.020264476537704468 0.19503659009933472
0.453835666179657 0.26054248213768005 0.025230616331100464 0.020233154296875 0.18737752735614777
0.514636754989624 0.6617003679275513 0.015355944633483887 0.015047073364257812 0.1872095763683319
0.4312322735786438 0.29613518714904785 0.026006489992141724 0.022349923849105835 0.18207581341266632
0.38544654846191406 0.3318557143211365 0.024132847785949707 0.02115011215209961 0.1795559823513031
0.6251324415206909 0.2605787515640259 0.018446385860443115 0.018497079610824585 0.17909155786037445
0.32907378673553467 0.42831626534461975 0.023486733436584473 0.022523224353790283 0.17629778385162354
0.5426250696182251 0.3865034580230713 0.024360239505767822 0.022028207778930664 0.1745653599500656
0.3315090239048004 0.5234376192092896 0.022438228130340576 0.019802749156951904 0.17440231144428253
0.5943740010261536 0.589978039264679 0.014887213706970215 0.014492988586425781 0.17342856526374817
0.3426837921142578 0.2508544325828552 0.03262138366699219 0.029139503836631775 0.17167335748672485
0.49082064628601074 0.30679288506507874 0.025536805391311646 0.022915661334991455 0.15798796713352203
0.3915283679962158 0.7628309726715088 0.02751702070236206 0.026336491107940674 0.1567467749118805
0.1621953696012497 0.5973697900772095 0.021668046712875366 0.021789252758026123 0.15672382712364197
0.4512631297111511 0.6862992644309998 0.014758318662643433 0.014129161834716797 0.15665848553180695
0.4304599165916443 0.2966795563697815 0.03262519836425781 0.026679039001464844 0.14994826912879944
0.11320804059505463 0.7346633672714233 0.014538787305355072 0.013235092163085938 0.14724458754062653
0.2670223116874695 0.9394582509994507 0.01824912428855896 0.01651555299758911 0.1438426375389099
0.0730895921587944 0.6290707588195801 0.01900555193424225 0.021189451217651367 0.14277255535125732
0.47748392820358276 0.34902817010879517 0.025971680879592896 0.022971898317337036 0.14207269251346588
0.2866523861885071 0.4352213144302368 0.030741602182388306 0.025249093770980835 0.1402709186077118
0.26550018787384033 0.4764474928379059 0.024365901947021484 0.023263752460479736 0.13983984291553497
0.10504186153411865 0.5608992576599121 0.02544698864221573 0.025149226188659668 0.13836313784122467
0.07698722183704376 0.6976103186607361 0.021010734140872955 0.021559715270996094 0.1378084421157837
0.4694307744503021 0.6466964483261108 0.017193138599395752 0.015281140804290771 0.13734479248523712
0.22743463516235352 0.9440038204193115 0.015453338623046875 0.013847172260284424 0.13227148354053497
0.563981294631958 0.40342363715171814 0.023871243000030518 0.0221673846244812 0.13143706321716309
0.487785667181015 0.327339768409729 0.02131110429763794 0.016564011573791504 0.1298493593931198
0.24340596795082092 0.9043998718261719 0.030639469623565674 0.027434587478637695 0.12781503796577454
0.3543051779270172 0.892940878868103 0.020550549030303955 0.018875300884246826 0.12143564224243164
0.595802903175354 0.2175000160932541 0.03180551528930664 0.028596311807632446 0.11999496817588806
0.4465959072113037 0.88224196434021 0.01429140567779541 0.013905704021453857 0.11854024976491928
0.628013014793396 0.40699851512908936 0.02817589044570923 0.027027040719985962 0.11650702357292175
0.1539820432662964 0.7401155233383179 0.025669366121292114 0.02288883924484253 0.11494332551956177
0.6273730397224426 0.40729546546936035 0.026546478271484375 0.026937484741210938 0.11395414918661118
0.45118409395217896 0.6863524317741394 0.01846906542778015 0.017047405242919922 0.11381211131811142
0.5195591449737549 0.35380226373672485 0.02787858247756958 0.0244581401348114 0.11245652288198471
0.11814258247613907 0.8398397564888 0.011379197239875793 0.01143646240234375 0.11021066457033157
0.45457595586776733 0.18311980366706848 0.017434686422348022 0.01582731306552887 0.10911092162132263
0.48649048805236816 0.9419584274291992 0.01526486873626709 0.015118837356567383 0.10715676844120026
0.5141806602478027 0.6617229580879211 0.019723236560821533 0.018417954444885254 0.1042899638414383
0.416504442691803 0.8690245151519775 0.023019880056381226 0.019285380840301514 0.10201919078826904
0.2672506868839264 0.9386534690856934 0.021883249282836914 0.021555185317993164 0.09717164188623428
0.22235649824142456 0.6081288456916809 0.023431971669197083 0.020971298217773438 0.09661909937858582
0.18054816126823425 0.7915381193161011 0.017215892672538757 0.015144169330596924 0.09630819410085678
0.3856313228607178 0.8836113214492798 0.020978331565856934 0.017794430255889893 0.09517566859722137
0.5578482151031494 0.2727741003036499 0.03592228889465332 0.0323733389377594 0.0942295640707016
0.23178258538246155 0.4536364674568176 0.01984940469264984 0.022741705179214478 0.09384801983833313
0.1850864589214325 0.7587883472442627 0.023717448115348816 0.024599671363830566 0.09366492927074432
0.39108917117118835 0.762254536151886 0.0298348069190979 0.02733314037322998 0.08939535170793533
0.16177183389663696 0.819479763507843 0.024583294987678528 0.026809334754943848 0.08723694086074829
0.3003206253051758 0.8221781849861145 0.03209960460662842 0.03164827823638916 0.08660437911748886
0.37520015239715576 0.6869939565658569 0.030971527099609375 0.02842468023300171 0.08252590149641037
0.5039074420928955 0.7583966255187988 0.02702122926712036 0.03178250789642334 0.08221479505300522
0.4264642298221588 0.8763335943222046 0.024316489696502686 0.021477162837982178 0.08209394663572311
0.5365412831306458 0.8917337656021118 0.01956045627593994 0.018371999263763428 0.08028019219636917
0.5942280888557434 0.59051114320755 0.018517494201660156 0.017602920532226562 0.07664050161838531
0.4349360466003418 0.8803173303604126 0.02362459897994995 0.01917797327041626 0.07450992614030838
0.3428560197353363 0.2514776587486267 0.03286623954772949 0.029711276292800903 0.07386402040719986
0.3297974169254303 0.4287073612213135 0.02627640962600708 0.02584683895111084 0.07341422140598297
0.6179139614105225 0.618213415145874 0.01676100492477417 0.0174981951713562 0.07069787383079529
0.24824495613574982 0.830386757850647 0.01956358551979065 0.018545925617218018 0.07000555098056793
0.28489556908607483 0.43486911058425903 0.038233935832977295 0.028447717428207397 0.06993461400270462
0.18148304522037506 0.7854398488998413 0.016138911247253418 0.020712673664093018 0.06909139454364777
0.37222087383270264 0.8497894406318665 0.022519022226333618 0.020673394203186035 0.06874838471412659
0.2465512752532959 0.8544125556945801 0.021415650844573975 0.01988053321838379 0.06864042580127716
0.3687846064567566 0.8895403146743774 0.02527877688407898 0.024449169635772705 0.06801130622625351
0.3818526864051819 0.8860118389129639 0.02394053339958191 0.023181140422821045 0.06770215928554535
0.4498426914215088 0.2427676022052765 0.027808845043182373 0.02118028700351715 0.06749048829078674
0.33273062109947205 0.5236753225326538 0.028559386730194092 0.02404552698135376 0.06570812314748764
0.4060508906841278 0.848157525062561 0.0216180682182312 0.020844638347625732 0.06539949774742126
0.4544456899166107 0.1828516125679016 0.02266836166381836 0.0193508118391037 0.06539740413427353
0.13964363932609558 0.5184552073478699 0.02146744728088379 0.020365238189697266 0.06366847455501556
0.40404027700424194 0.2526344656944275 0.024099260568618774 0.023570746183395386 0.06208460032939911
0.37038129568099976 0.28977394104003906 0.023096352815628052 0.020387977361679077 0.059280283749103546
0.663404643535614 0.30771178007125854 0.026903152465820312 0.027455240488052368 0.05900160223245621
0.4899507462978363 0.31696659326553345 0.0258978009223938 0.031662553548812866 0.058875713497400284
0.2738673686981201 0.8572587966918945 0.02622660994529724 0.02677607536315918 0.05485710874199867
0.30562758445739746 0.9179179668426514 0.027673661708831787 0.020833194255828857 0.05416014790534973
0.22665569186210632 0.7856956720352173 0.01437048614025116 0.013598978519439697 0.05139821022748947
0.34934335947036743 0.804290771484375 0.024167269468307495 0.02341991662979126 0.050725266337394714
0.3308038115501404 0.43014487624168396 0.030631572008132935 0.028001785278320312 0.04883529245853424
0.2513556480407715 0.87300705909729 0.015078455209732056 0.013634860515594482 0.04869819059967995
0.15122494101524353 0.48133963346481323 0.03973650932312012 0.034959226846694946 0.04798199236392975
0.6168490648269653 0.6176928281784058 0.02105426788330078 0.022093594074249268 0.047865092754364014
0.6266797780990601 0.30305299162864685 0.02731543779373169 0.024207115173339844 0.04762633517384529
0.24419790506362915 0.5701249241828918 0.020293906331062317 0.019785523414611816 0.04690752923488617
0.5418840646743774 0.6849480867385864 0.01254051923751831 0.012817919254302979 0.04663032293319702
0.5950742363929749 0.2195325791835785 0.03547108173370361 0.032331570982933044 0.04599762707948685
0.1044248715043068 0.4940236806869507 0.02544395625591278 0.026404887437820435 0.04494066908955574
0.3853093385696411 0.3331339359283447 0.027828693389892578 0.026280254125595093 0.0444808155298233
0.2265438437461853 0.9441044330596924 0.019456669688224792 0.016523540019989014 0.04372169449925423
0.5169113874435425 0.35277876257896423 0.0285300612449646 0.024405300617218018 0.043551649898290634
0.3866465091705322 0.3294679522514343 0.029894709587097168 0.026522397994995117 0.04276638850569725
0.4550601840019226 0.6202571392059326 0.020698755979537964 0.01890885829925537 0.04228668659925461
0.07405827939510345 0.6342206001281738 0.02436377853155136 0.035766422748565674 0.042278844863176346
0.5091561079025269 0.8557087182998657 0.022358447313308716 0.020915210247039795 0.041982006281614304
0.3498164415359497 0.9620559215545654 0.02743855118751526 0.025114834308624268 0.040838971734046936
0.2289215326309204 0.4481145143508911 0.02529272437095642 0.02071627974510193 0.04058822616934776
0.521449089050293 0.2593473792076111 0.03419077396392822 0.031507715582847595 0.04007904604077339
0.36825594305992126 0.3603716492652893 0.02145940065383911 0.018483132123947144 0.03964018449187279
0.5603177547454834 0.32400012016296387 0.02102869749069214 0.018036365509033203 0.039438311010599136
0.1657143235206604 0.7688122987747192 0.023999884724617004 0.02104043960571289 0.038343172520399094
0.23382015526294708 0.46390771865844727 0.025627225637435913 0.025764286518096924 0.03828183934092522
0.4699620008468628 0.6460834741592407 0.02236977219581604 0.021012723445892334 0.03826379403471947
0.6224460005760193 0.232201486825943 0.028678297996520996 0.029527664184570312 0.03766079246997833
0.4546143412590027 0.25799304246902466 0.03278636932373047 0.027931228280067444 0.037654224783182144
0.5027378797531128 0.5229632258415222 0.013493597507476807 0.013415694236755371 0.03718778118491173
0.6025907397270203 0.2536807358264923 0.019828438758850098 0.018194571137428284 0.036801211535930634
0.6314221620559692 0.40565091371536255 0.03633689880371094 0.03364133834838867 0.03641588240861893
0.5213488340377808 0.3542127311229706 0.03502446413040161 0.028532207012176514 0.035596173256635666
0.2501029968261719 0.8722076416015625 0.02024136483669281 0.015915870666503906 0.035236138850450516
0.22659578919410706 0.5836091041564941 0.01426859200000763 0.01238095760345459 0.03494229167699814
0.34315013885498047 0.2497783601284027 0.032854437828063965 0.03006666898727417 0.034207750111818314
0.456460177898407 0.7427135705947876 0.022179394960403442 0.02009350061416626 0.03377728909254074
0.427024781703949 0.9527685046195984 0.03726270794868469 0.026065468788146973 0.03346632793545723
0.39214658737182617 0.7616045475006104 0.03523218631744385 0.03020310401916504 0.033451106399297714
0.3116966784000397 0.9118894338607788 0.027069091796875 0.027078628540039062 0.03333713114261627
0.26876604557037354 0.4773833155632019 0.030027300119400024 0.02671089768409729 0.03219390660524368
0.3195670545101166 0.8979547023773193 0.027641594409942627 0.021244823932647705 0.031899210065603256
0.21305915713310242 0.7856935262680054 0.024614199995994568 0.017884254455566406 0.03147454559803009
0.4378012418746948 0.9901195764541626 0.024359315633773804 0.017592966556549072 0.03101118467748165
0.37807321548461914 0.9633378982543945 0.02388349175453186 0.02243959903717041 0.03020329773426056
0.10406839847564697 0.49358877539634705 0.02058008313179016 0.02156597375869751 0.029937485232949257
0.4832247793674469 0.27357369661331177 0.023009121417999268 0.021018266677856445 0.029934607446193695
0.4873318672180176 0.9480154514312744 0.01926058530807495 0.021154582500457764 0.029563644900918007
0.4471794366836548 0.7480624914169312 0.02885398268699646 0.0261041522026062 0.029053257778286934
0.6236933469772339 0.25932541489601135 0.02763897180557251 0.022132396697998047 0.02861860953271389
0.32722359895706177 0.8274816274642944 0.026669234037399292 0.025944888591766357 0.027288196608424187
0.4086853563785553 0.8447245359420776 0.02384728193283081 0.026646196842193604 0.027016757056117058
0.36208075284957886 0.8913404941558838 0.02853289246559143 0.024287045001983643 0.02697097137570381
0.35769614577293396 0.9223651885986328 0.027441322803497314 0.02247464656829834 0.026028847321867943
0.27732837200164795 0.7381011843681335 0.03633299469947815 0.028684258460998535 0.025804564356803894
0.43923330307006836 0.9899446964263916 0.018511593341827393 0.014530956745147705 0.025561092421412468
0.22813448309898376 0.3987817168235779 0.018831446766853333 0.01901748776435852 0.02530698850750923
0.4473688006401062 0.24037450551986694 0.0315803587436676 0.027012810111045837 0.025005239993333817
0.5503324866294861 0.26941895484924316 0.04202306270599365 0.043103694915771484 0.024815553799271584
0.0871075689792633 0.6519686579704285 0.01883484423160553 0.01823556423187256 0.02470613270998001
0.43025150895118713 0.29449307918548584 0.03525257110595703 0.031337887048721313 0.024593712761998177
0.41521137952804565 0.3285350799560547 0.021557331085205078 0.017503410577774048 0.024394566193223
0.5943663120269775 0.25644516944885254 0.019937753677368164 0.016325652599334717 0.02439027838408947
0.6570404767990112 0.9875732660293579 0.01650238037109375 0.015143215656280518 0.02386312559247017
0.3084017336368561 0.8672283291816711 0.024948596954345703 0.024707794189453125 0.023685578256845474
0.16654086112976074 0.7727895975112915 0.018742740154266357 0.020204007625579834 0.023513667285442352
0.28025710582733154 0.9103374481201172 0.016817688941955566 0.016015291213989258 0.023353682830929756
0.46251001954078674 0.7432235479354858 0.016270458698272705 0.017886698246002197 0.022572362795472145
0.5191937685012817 0.2596215307712555 0.04323846101760864 0.03733330965042114 0.022563600912690163
0.5551379919052124 0.39327794313430786 0.027489840984344482 0.0315396785736084 0.021487083286046982
0.44544219970703125 0.3429965376853943 0.02762967348098755 0.024967670440673828 0.02122599445283413
0.45373377203941345 0.18391722440719604 0.027480602264404297 0.02431008219718933 0.021212782710790634
0.44394052028656006 0.7502779960632324 0.02498665452003479 0.021843433380126953 0.020716384053230286
0.2260875701904297 0.7972370386123657 0.021494567394256592 0.028866708278656006 0.0206022709608078
0.2308853566646576 0.450941264629364 0.027695074677467346 0.023140817880630493 0.02056869864463806
0.31496769189834595 0.5767433643341064 0.02602982521057129 0.024858713150024414 0.020395582541823387
0.5307209491729736 0.3587130904197693 0.03554648160934448 0.028514474630355835 0.01989872381091118
0.4538903832435608 0.2550013065338135 0.038802534341812134 0.034467875957489014 0.01989530213177204
0.21673807501792908 0.5001725554466248 0.02471889555454254 0.021348565816879272 0.01988949254155159
0.5633193850517273 0.40666598081588745 0.031181693077087402 0.029806137084960938 0.01975938491523266
0.5433121919631958 0.18787440657615662 0.023954451084136963 0.020250633358955383 0.019507238641381264
0.6039907932281494 0.4296683669090271 0.016166508197784424 0.015607625246047974 0.019367234781384468
0.37685662508010864 0.6822988986968994 0.030480772256851196 0.029373347759246826 0.0193259809166193
0.16611962020397186 0.8953115344047546 0.014363765716552734 0.014020919799804688 0.019163111224770546
0.5956807136535645 0.589988112449646 0.02362799644470215 0.021659672260284424 0.01880575530230999
0.08935121446847916 0.6520068049430847 0.014218434691429138 0.013908982276916504 0.018530746921896935
0.6245555877685547 0.23561862111091614 0.02920401096343994 0.028458118438720703 0.018462248146533966
0.2254142463207245 0.8150218725204468 0.02922402322292328 0.027960240840911865 0.01816246286034584
0.15484227240085602 0.7440581917762756 0.025839895009994507 0.0301971435546875 0.01808455027639866
0.2690122723579407 0.9399892687797546 0.02855619788169861 0.025014877319335938 0.017962323501706123
0.21957294642925262 0.5014358758926392 0.023293495178222656 0.024760276079177856 0.01763223484158516
0.22508636116981506 0.5832953453063965 0.017077013850212097 0.015816032886505127 0.01753094606101513
0.4287315011024475 0.2972143888473511 0.039898306131362915 0.03152197599411011 0.01689019240438938
0.5376104116439819 0.8909486532211304 0.02306729555130005 0.023655354976654053 0.016742270439863205
0.5238454341888428 0.26419195532798767 0.03915947675704956 0.041450679302215576 0.016664383932948112
0.45010167360305786 0.6425522565841675 0.01504477858543396 0.015130221843719482 0.016638601198792458
0.3684619069099426 0.28965598344802856 0.03054329752922058 0.02465417981147766 0.016401048749685287
0.22942793369293213 0.9434492588043213 0.020261287689208984 0.019022762775421143 0.01565937139093876
0.566460371017456 0.40386682748794556 0.03389185667037964 0.028734296560287476 0.01562754064798355
0.5621869564056396 0.3287115693092346 0.028876185417175293 0.028744667768478394 0.015627216547727585
0.30836910009384155 0.9194938540458679 0.029921621084213257 0.026358604431152344 0.015518676489591599
0.3738139569759369 0.6863452792167664 0.04057234525680542 0.03143787384033203 0.015442137606441975
0.439887136220932 0.8359788656234741 0.037697792053222656 0.03731876611709595 0.015352620743215084
0.3667813837528229 0.36162883043289185 0.0271642804145813 0.0224301815032959 0.015250985510647297
0.47302475571632385 0.6480964422225952 0.02471095323562622 0.02235889434814453 0.015229837037622929
0.3413918912410736 0.2525678277015686 0.03874802589416504 0.038132935762405396 0.014977438375353813
0.45197048783302307 0.2533211410045624 0.04001253843307495 0.03430943191051483 0.01491160225123167
0.3284100294113159 0.824374794960022 0.03480660915374756 0.026546895503997803 0.014632010832428932
0.4865873456001282 0.9423211812973022 0.023758679628372192 0.02399677038192749 0.014621095731854439
0.4124670922756195 0.32904601097106934 0.02404719591140747 0.020865261554718018 0.014591269195079803
0.4202522039413452 0.951869785785675 0.033682435750961304 0.024982094764709473 0.014070265926420689
0.4438207745552063 0.7502373456954956 0.034103184938430786 0.02947944402694702 0.01406383141875267
0.10347894579172134 0.5590423345565796 0.03202824294567108 0.034086644649505615 0.014054803177714348
0.22926005721092224 0.8103668093681335 0.032224372029304504 0.02755892276763916 0.013985480181872845
0.16109724342823029 0.5945640802383423 0.026624679565429688 0.029119670391082764 0.01368710957467556
0.5029661059379578 0.5235556364059448 0.017784684896469116 0.018623173236846924 0.013252558186650276
0.4034155011177063 0.25325122475624084 0.029826194047927856 0.028187468647956848 0.013006282038986683
0.48527440428733826 0.9705667495727539 0.012145042419433594 0.011209845542907715 0.012799433432519436
0.43992435932159424 0.8869668841362 0.024346917867660522 0.025043845176696777 0.012628640979528427
0.1166466772556305 0.8387433886528015 0.01662912219762802 0.017192840576171875 0.012492398731410503
0.4150289297103882 0.3294719159603119 0.027238458395004272 0.026740610599517822 0.012318556196987629
0.1257280856370926 0.7633379697799683 0.02675771713256836 0.023288309574127197 0.0122037623077631
0.44010043144226074 0.3394794464111328 0.027862250804901123 0.023851513862609863 0.01219035405665636
0.23250272870063782 0.466972678899765 0.030250445008277893 0.022803008556365967 0.011995969340205193
0.1826678216457367 0.8193516731262207 0.014757111668586731 0.023353219032287598 0.011955959722399712
0.5386976003646851 0.3759080767631531 0.03145557641983032 0.039735227823257446 0.011648420244455338
0.4816949963569641 0.7381088137626648 0.01681804656982422 0.01686990261077881 0.011539380997419357
0.4518606662750244 0.7432262301445007 0.03018510341644287 0.02847468852996826 0.011376726441085339
0.5306797027587891 0.26645511388778687 0.04240286350250244 0.04189632833003998 0.011368791572749615
0.4936422109603882 0.3091036081314087 0.032935112714767456 0.026867300271987915 0.011217057704925537
0.192999005317688 0.8206226825714111 0.027609407901763916 0.02870255708694458 0.011002534069120884
0.45052051544189453 0.2452421635389328 0.03221452236175537 0.029326826333999634 0.01089933980256319
0.48104023933410645 0.7399690747261047 0.021006882190704346 0.021822571754455566 0.01064331829547882
0.1412256956100464 0.5153601169586182 0.022898614406585693 0.02267247438430786 0.010511018335819244
0.30527082085609436 0.8690681457519531 0.026076853275299072 0.021126985549926758 0.010294207371771336
0.37853294610977173 0.765762209892273 0.030105918645858765 0.028991281986236572 0.010186019353568554
0.5537630319595337 0.5150797367095947 0.013548851013183594 0.013061344623565674 0.0099644111469388
0.6128044128417969 0.2469942569732666 0.03518867492675781 0.02608145773410797 0.0098914485424757
0.3706474304199219 0.8495991826057434 0.023867011070251465 0.02619040012359619 0.009834609925746918
0.5158400535583496 0.2951383590698242 0.021235108375549316 0.020733505487442017 0.00974177848547697
0.11132852733135223 0.6950575709342957 0.012777380645275116 0.012716889381408691 0.009648308157920837
0.4529390335083008 0.7403560876846313 0.024510204792022705 0.022569239139556885 0.00935541745275259
0.30956846475601196 0.8242565393447876 0.046721190214157104 0.03654879331588745 0.009353614412248135
0.4425385892391205 0.8471063375473022 0.034042537212371826 0.03843921422958374 0.009285670705139637
0.5420429706573486 0.26739436388015747 0.048470258712768555 0.04181137681007385 0.009277782402932644
0.44847679138183594 0.24136728048324585 0.04267996549606323 0.03802679479122162 0.009149356745183468
0.5213000178337097 0.25696614384651184 0.044724464416503906 0.043373242020606995 0.009137174114584923
0.1663568615913391 0.8953853845596313 0.018236681818962097 0.018665730953216553 0.00912709441035986
0.4333101212978363 0.8915290832519531 0.030566394329071045 0.024337410926818848 0.0088921207934618
0.40391039848327637 0.9442098736763 0.033702194690704346 0.030397772789001465 0.008734024129807949
0.40665751695632935 0.8455336093902588 0.028200626373291016 0.03327673673629761 0.008710549212992191
0.2801193296909332 0.9108501672744751 0.019799232482910156 0.021647274494171143 0.008647570386528969
0.42802414298057556 0.8906866312026978 0.03280609846115112 0.030673205852508545 0.008637634105980396
0.6252474188804626 0.30297398567199707 0.030788421630859375 0.026091337203979492 0.008582173846662045
0.19506271183490753 0.8247655034065247 0.025167077779769897 0.030395865440368652 0.00846119038760662
0.42642104625701904 0.9312320947647095 0.020939916372299194 0.014471471309661865 0.00838881079107523
