x y width height conf
0.6042324304580688 0.8113467693328857 0.024235904216766357 0.025001227855682373 0.3809170126914978
0.5038937330245972 0.21490004658699036 0.03136962652206421 0.027596130967140198 0.37199684977531433
0.7639199495315552 0.5971170663833618 0.030723154544830322 0.028872966766357422 0.34864091873168945
0.6542197465896606 0.8005495071411133 0.024893462657928467 0.023163557052612305 0.30991870164871216
0.8107941746711731 0.6975904703140259 0.04361152648925781 0.0558740496635437 0.29670819640159607
0.5751238465309143 0.20919030904769897 0.027681827545166016 0.02320857346057892 0.29142022132873535
0.581348180770874 0.2364187240600586 0.03221243619918823 0.026441961526870728 0.2857315242290497
0.7320560216903687 0.7866581678390503 0.02508145570755005 0.02484816312789917 0.2834472358226776
0.7031792402267456 0.6772116422653198 0.0286596417427063 0.02600651979446411 0.27518582344055176
0.5811663866043091 0.2362648993730545 0.03188663721084595 0.026833534240722656 0.26070237159729004
0.6749035120010376 0.6236224174499512 0.035284459590911865 0.029360413551330566 0.22361919283866882
0.7193196415901184 0.5837817192077637 0.028793931007385254 0.02786540985107422 0.21884310245513916
0.40271568298339844 0.9475696682929993 0.038530558347702026 0.039800047874450684 0.21132239699363708
0.8784923553466797 0.5386234521865845 0.023876190185546875 0.02369481325149536 0.20550501346588135
0.7056156992912292 0.7110058069229126 0.029715538024902344 0.028035461902618408 0.20094695687294006
0.5943320989608765 0.698403000831604 0.0321388840675354 0.032043635845184326 0.20040208101272583
0.4473063349723816 0.9649863243103027 0.018289178609848022 0.017452597618103027 0.1950317770242691
0.7891789674758911 0.48226842284202576 0.019202053546905518 0.017715930938720703 0.1948293000459671
0.6710435748100281 0.25126850605010986 0.03422510623931885 0.03274168074131012 0.19446077942848206
0.675370454788208 0.8789361715316772 0.023638010025024414 0.020343363285064697 0.18081843852996826
0.6786463260650635 0.7371348142623901 0.03383362293243408 0.030424058437347412 0.17765039205551147
0.878390908241272 0.5385074019432068 0.029426753520965576 0.028002619743347168 0.17164888978004456
0.6938872933387756 0.5980889797210693 0.02569448947906494 0.025224506855010986 0.16730235517024994
0.8535356521606445 0.5463200807571411 0.01893162727355957 0.017758190631866455 0.16478049755096436
0.8575822114944458 0.7173400521278381 0.02600175142288208 0.025905251502990723 0.16366012394428253
0.5775660276412964 0.643905520439148 0.028793752193450928 0.026037633419036865 0.15925565361976624
0.8425847887992859 0.6977675557136536 0.03492581844329834 0.054329514503479004 0.15821106731891632
0.8183047771453857 0.7328894734382629 0.02371293306350708 0.022298216819763184 0.15694653987884521
0.775597333908081 0.6275814175605774 0.030546963214874268 0.025743484497070312 0.1553136706352234
0.7202490568161011 0.5839697122573853 0.032149314880371094 0.030702650547027588 0.15475241839885712
0.6612688302993774 0.6599390506744385 0.032249391078948975 0.02511817216873169 0.14961440861225128
0.7312480807304382 0.786175012588501 0.031664490699768066 0.029147028923034668 0.14927728474140167
0.7186352610588074 0.5838831663131714 0.033412933349609375 0.030092060565948486 0.14786241948604584
0.6558613777160645 0.6579488515853882 0.04089081287384033 0.02684229612350464 0.14626626670360565
0.7895408868789673 0.4820156991481781 0.02351158857345581 0.020970165729522705 0.14617572724819183
0.8582755923271179 0.7177749872207642 0.021224617958068848 0.021194636821746826 0.14472271502017975
0.6039597988128662 0.6707660555839539 0.02869623899459839 0.02156352996826172 0.13984288275241852
0.5029208660125732 0.21468062698841095 0.03866851329803467 0.03419852256774902 0.13730356097221375
0.8243789672851562 0.698867678642273 0.07030332088470459 0.061587750911712646 0.1160442903637886
0.44707441329956055 0.965290904045105 0.02408045530319214 0.022287189960479736 0.11430729180574417
0.5815140604972839 0.6391223669052124 0.032057881355285645 0.031243979930877686 0.1110757440328598
0.7657520771026611 0.8099919557571411 0.02577805519104004 0.024201929569244385 0.10860098898410797
0.8591195940971375 0.7177798748016357 0.027061820030212402 0.026315510272979736 0.10836160182952881
0.8560762405395508 0.7173715829849243 0.032790422439575195 0.030654609203338623 0.10808028280735016
0.6755316257476807 0.8784006834030151 0.028019607067108154 0.02579784393310547 0.10643681138753891
0.6237622499465942 0.6030126810073853 0.03349798917770386 0.030651867389678955 0.1016867533326149
0.5730983018875122 0.8303759098052979 0.021567821502685547 0.020814120769500732 0.10104790329933167
0.6531736850738525 0.8004403114318848 0.03211325407028198 0.030064940452575684 0.10062968730926514
0.8521150350570679 0.546530544757843 0.02425915002822876 0.023076653480529785 0.09958461672067642
0.6060140132904053 0.8113082051277161 0.03185385465621948 0.030028939247131348 0.08836570382118225
0.7053186893463135 0.676613450050354 0.035515546798706055 0.030586540699005127 0.08830302953720093
0.6774489879608154 0.8325601816177368 0.030591726303100586 0.025162160396575928 0.08738434314727783
0.6471291780471802 0.6539908647537231 0.0370488166809082 0.024274170398712158 0.08695066720247269
0.6298294067382812 0.706674337387085 0.022027194499969482 0.019856631755828857 0.0802985355257988
0.7170326113700867 0.5875623226165771 0.03399670124053955 0.03428065776824951 0.07935589551925659
0.8058887720108032 0.7570521235466003 0.02784019708633423 0.02482473850250244 0.07211367040872574
0.6763421297073364 0.17848965525627136 0.03326183557510376 0.029509782791137695 0.0682574138045311
0.5642067193984985 0.23437514901161194 0.03568309545516968 0.025883302092552185 0.06814102828502655
0.5757912397384644 0.20713400840759277 0.036036908626556396 0.028438419103622437 0.06778343766927719
0.44042739272117615 0.5693215131759644 0.022899925708770752 0.022957980632781982 0.06697849929332733
0.6121652722358704 0.7281823754310608 0.02059805393218994 0.018868446350097656 0.06541844457387924
0.6464426517486572 0.7035171985626221 0.019374072551727295 0.017534494400024414 0.06308158487081528
0.7654116153717041 0.6006171107292175 0.039546966552734375 0.035105109214782715 0.06226087734103203
0.6716091632843018 0.6219519376754761 0.03307896852493286 0.02966839075088501 0.060679949820041656
0.6948875188827515 0.7562496066093445 0.021180689334869385 0.018007874488830566 0.05996545031666756
0.659510612487793 0.6984766721725464 0.04112982749938965 0.030861318111419678 0.058456286787986755
0.6558811664581299 0.7175343632698059 0.029034912586212158 0.02599513530731201 0.058011770248413086
0.45643919706344604 0.215052992105484 0.02751445770263672 0.025463774800300598 0.05710003897547722
0.40382659435272217 0.9478971362113953 0.049744635820388794 0.04895210266113281 0.056286171078681946
0.4956110715866089 0.9554792642593384 0.015041917562484741 0.014679372310638428 0.05537382513284683
0.5389415621757507 0.1932239532470703 0.029442191123962402 0.024697303771972656 0.054793380200862885
0.6426008343696594 0.15266424417495728 0.02863311767578125 0.025853678584098816 0.0545453205704689
0.8164230585098267 0.7304919958114624 0.03383070230484009 0.03351384401321411 0.05373002216219902
0.7952257394790649 0.7899664640426636 0.01825946569442749 0.01733165979385376 0.05310061201453209
0.8596585392951965 0.5441362261772156 0.03502213954925537 0.02968156337738037 0.05255753919482231
0.6557377576828003 0.712409257888794 0.03609269857406616 0.031484782695770264 0.05151381343603134
0.7749027013778687 0.629011869430542 0.03645724058151245 0.030846893787384033 0.05055974796414375
0.7890697717666626 0.4830710291862488 0.02689152956008911 0.026231765747070312 0.04978325963020325
0.4407452344894409 0.569368839263916 0.027700811624526978 0.027204513549804688 0.04884308576583862
0.6492282152175903 0.7034274339675903 0.03732585906982422 0.026918232440948486 0.04870963841676712
0.6532419919967651 0.7206413149833679 0.0339360237121582 0.028835654258728027 0.04761241003870964
0.6769137978553772 0.6273782849311829 0.03296518325805664 0.02802598476409912 0.0472370944917202
0.5920866131782532 0.26621213555336 0.02946186065673828 0.023607492446899414 0.04671930894255638
0.6418421268463135 0.15279237926006317 0.033226728439331055 0.03120732307434082 0.04514069855213165
0.6690043210983276 0.25318920612335205 0.041206181049346924 0.04031810164451599 0.043073952198028564
0.6056613922119141 0.672866940498352 0.03640967607498169 0.029605865478515625 0.04240681231021881
0.47760820388793945 0.937185525894165 0.020424246788024902 0.020547688007354736 0.04194412752985954
0.8131781816482544 0.7023863792419434 0.06009918451309204 0.06109583377838135 0.04113825410604477
0.39905089139938354 0.945881187915802 0.033135801553726196 0.03314208984375 0.04073232039809227
0.8396680355072021 0.6923671960830688 0.03535348176956177 0.04017448425292969 0.04031474515795708
0.6887301206588745 0.6002134084701538 0.034948766231536865 0.027720868587493896 0.038888148963451385
0.8140162229537964 0.7409232258796692 0.03512495756149292 0.036838531494140625 0.03827344998717308
0.5933924913406372 0.6950590014457703 0.03628206253051758 0.03397238254547119 0.03799000009894371
0.6425153613090515 0.1520509421825409 0.030396103858947754 0.02829436957836151 0.03749990090727806
0.7346999645233154 0.8871960639953613 0.023097217082977295 0.022758841514587402 0.03673315420746803
0.45612621307373047 0.21537570655345917 0.02308732271194458 0.020611286163330078 0.036563530564308167
0.6620309352874756 0.7256057858467102 0.046048521995544434 0.029056549072265625 0.03575514629483223
0.5921303033828735 0.26641416549682617 0.02898353338241577 0.022283732891082764 0.035119906067848206
0.6803122758865356 0.7398404479026794 0.04256486892700195 0.04269516468048096 0.034896958619356155
0.672796905040741 0.6172181367874146 0.029905319213867188 0.02857261896133423 0.03467642888426781
0.6665667295455933 0.6911221742630005 0.02945232391357422 0.02135711908340454 0.03379908204078674
0.575891375541687 0.642078161239624 0.03586620092391968 0.03381478786468506 0.033069584518671036
0.44174396991729736 0.5686113834381104 0.02547559142112732 0.024086177349090576 0.03290184959769249
0.6520436406135559 0.6563246250152588 0.0488666296005249 0.03433626890182495 0.03177546709775925
0.53788822889328 0.1955452710390091 0.033921241760253906 0.03345480561256409 0.03171137720346451
0.5974238514900208 0.6955987215042114 0.03966665267944336 0.03857707977294922 0.030959689989686012
0.5727519989013672 0.8296825885772705 0.02607440948486328 0.02680128812789917 0.030292773619294167
0.8443084955215454 0.7069070339202881 0.043743133544921875 0.04892468452453613 0.03026941791176796
0.5966956615447998 0.6920285224914551 0.05093878507614136 0.04311680793762207 0.029102545231580734
0.6071159839630127 0.5626829862594604 0.01943761110305786 0.01789039373397827 0.02900843136012554
0.5637121200561523 0.23505468666553497 0.03337883949279785 0.03028222918510437 0.028969788923859596
0.8666807413101196 0.543175220489502 0.04884570837020874 0.033995747566223145 0.0286327563226223
0.5575448870658875 0.23386704921722412 0.020208001136779785 0.02378314733505249 0.027370965108275414
0.7187687158584595 0.584904670715332 0.04323512315750122 0.03841876983642578 0.0272232498973608
0.8541620969772339 0.714926540851593 0.03632164001464844 0.041770339012145996 0.027213705703616142
0.7956045866012573 0.7903273105621338 0.022076129913330078 0.021739184856414795 0.026202309876680374
0.6660218238830566 0.5598204135894775 0.02454972267150879 0.023078739643096924 0.02581946738064289
0.6655418872833252 0.6916011571884155 0.03657644987106323 0.026721417903900146 0.025377962738275528
0.8366991281509399 0.6541544198989868 0.02285003662109375 0.02156120538711548 0.024973081424832344
0.6950416564941406 0.592002809047699 0.029605388641357422 0.0356522798538208 0.02496136724948883
0.5999518632888794 0.6895229816436768 0.042620182037353516 0.0526578426361084 0.024063384160399437
0.7416977882385254 0.6314538717269897 0.024015069007873535 0.025043487548828125 0.022185582667589188
0.7039380073547363 0.6997180581092834 0.037332236766815186 0.04266011714935303 0.021683070808649063
0.8187278509140015 0.7352116703987122 0.032911717891693115 0.03090190887451172 0.02122131921350956
0.6673911809921265 0.5612905025482178 0.029128730297088623 0.025250732898712158 0.02115591987967491
0.6937720775604248 0.7535794377326965 0.027630984783172607 0.02695333957672119 0.020880170166492462
0.5789299011230469 0.22773465514183044 0.041473388671875 0.04113273322582245 0.02077672630548477
0.811240017414093 0.68790602684021 0.04421722888946533 0.044508159160614014 0.020632725208997726
0.6727811694145203 0.17709119617938995 0.04084742069244385 0.03678813576698303 0.019974153488874435
0.6889126896858215 0.5926991701126099 0.027548789978027344 0.029765546321868896 0.01993170753121376
0.8102636337280273 0.7552821636199951 0.03286135196685791 0.02323836088180542 0.019799886271357536
0.6274958848953247 0.6021502614021301 0.043435096740722656 0.0384143590927124 0.019608575850725174
0.8071151971817017 0.7481515407562256 0.03804349899291992 0.041345417499542236 0.019515620544552803
0.4610733091831207 0.5917275547981262 0.022857844829559326 0.022403359413146973 0.019387122243642807
0.7090858221054077 0.7147946357727051 0.03840523958206177 0.04012030363082886 0.019346198067069054
0.7057880163192749 0.7089787721633911 0.042767107486724854 0.03595846891403198 0.01896086521446705
0.6822167634963989 0.61167311668396 0.0468173623085022 0.045517802238464355 0.018654856830835342
0.8197977542877197 0.7228196859359741 0.03230017423629761 0.04609823226928711 0.01827158033847809
0.6701393127441406 0.8771917819976807 0.03929483890533447 0.02905958890914917 0.01787610910832882
0.604448139667511 0.6671477556228638 0.034325599670410156 0.028664588928222656 0.017660826444625854
0.37321996688842773 0.5478743314743042 0.017425894737243652 0.01645374298095703 0.017258096486330032
0.5806543231010437 0.23939037322998047 0.04501628875732422 0.04166048765182495 0.01693001016974449
0.8722548484802246 0.5404356718063354 0.04188191890716553 0.03712540864944458 0.016815342009067535
0.7309207916259766 0.7870728969573975 0.041725993156433105 0.037068188190460205 0.016801653429865837
0.6377900242805481 0.7114216089248657 0.03711092472076416 0.031336963176727295 0.016790008172392845
0.4499756693840027 0.9655359387397766 0.030225545167922974 0.026474356651306152 0.01667124591767788
0.6044382452964783 0.6770139336585999 0.04132521152496338 0.03466594219207764 0.01645711250603199
0.5534346103668213 0.23376622796058655 0.029187381267547607 0.025597095489501953 0.016421930864453316
0.5971397161483765 0.7005053758621216 0.04693061113357544 0.036592304706573486 0.016082074493169785
0.6170766353607178 0.6088182330131531 0.03508555889129639 0.03626143932342529 0.016072727739810944
0.8456818461418152 0.6841683387756348 0.04068028926849365 0.04046839475631714 0.014957809820771217
0.588326096534729 0.2629163861274719 0.036056458950042725 0.024092108011245728 0.014774201437830925
0.636600136756897 0.7050721645355225 0.035029828548431396 0.03245192766189575 0.014686504378914833
0.6277931928634644 0.7052865028381348 0.024142682552337646 0.026447057723999023 0.014674371108412743
0.558775782585144 0.6398814916610718 0.033982694149017334 0.030301392078399658 0.014585443772375584
0.8325431942939758 0.6822118759155273 0.04624783992767334 0.037903785705566406 0.014531209133565426
0.6305150985717773 0.7007629871368408 0.027827441692352295 0.030949890613555908 0.013949406333267689
0.7689881324768066 0.611100435256958 0.04411435127258301 0.04591161012649536 0.013918056152760983
0.6781182289123535 0.8785474896430969 0.03662300109863281 0.029981613159179688 0.012640424072742462
0.8520545959472656 0.5458074808120728 0.03465628623962402 0.03424602746963501 0.012154689989984035
0.5762035250663757 0.20996814966201782 0.03140461444854736 0.02358575165271759 0.012080145068466663
0.7668092250823975 0.8095320463180542 0.03388291597366333 0.029193878173828125 0.011770696379244328
0.7854185104370117 0.6557203531265259 0.024882078170776367 0.02069622278213501 0.011454721912741661
0.5374643802642822 0.25433436036109924 0.023976147174835205 0.019426241517066956 0.010897109284996986
0.5492843389511108 0.6381934881210327 0.025054931640625 0.028385460376739502 0.010850019752979279
0.7709185481071472 0.6227900981903076 0.04935300350189209 0.040492236614227295 0.010638915002346039
0.6547526121139526 0.8739054203033447 0.020606040954589844 0.021695315837860107 0.010637355037033558
0.8409775495529175 0.680496871471405 0.039376795291900635 0.03584754467010498 0.010223944671452045
0.6705239415168762 0.5575916171073914 0.034612298011779785 0.030084967613220215 0.010150169022381306
0.3739473223686218 0.5476683378219604 0.02146396040916443 0.01929396390914917 0.009786034002900124
0.5426967740058899 0.24461093544960022 0.027695059776306152 0.03313523530960083 0.009107520803809166
0.8376299142837524 0.6538773775100708 0.029675662517547607 0.028700649738311768 0.009080552496016026
0.6567414402961731 0.16520565748214722 0.04798853397369385 0.04121355712413788 0.009053646586835384
0.6075382232666016 0.5623228549957275 0.02718043327331543 0.023350000381469727 0.00876433216035366
0.5717166662216187 0.2182752639055252 0.04247617721557617 0.041029930114746094 0.00869846437126398
0.5394861698150635 0.2509477734565735 0.02638465166091919 0.02584657073020935 0.008436364121735096
0.5245199203491211 0.20714926719665527 0.05349808931350708 0.04017163813114166 0.008131544105708599
0.5079432725906372 0.9954811334609985 0.021380960941314697 0.009037673473358154 0.008128583431243896
0.4417746663093567 0.5678218603134155 0.030783265829086304 0.0295676589012146 0.008118129335343838
0.6929319500923157 0.7571316957473755 0.0319671630859375 0.029626846313476562 0.007697468623518944
0.8134042024612427 0.7189435958862305 0.05696147680282593 0.06727182865142822 0.007609573658555746
0.7584049105644226 0.8031342029571533 0.032591819763183594 0.03487849235534668 0.00749548664316535
0.7664717435836792 0.6285174489021301 0.052003681659698486 0.02950727939605713 0.007402968592941761
0.6643657684326172 0.6408809423446655 0.05260592699050903 0.044150352478027344 0.007357703521847725
0.6083877086639404 0.7300820350646973 0.025510966777801514 0.02361077070236206 0.0073509360663592815
0.6749359369277954 0.7363295555114746 0.05229431390762329 0.03978031873703003 0.007240114733576775
0.8035686612129211 0.7588726282119751 0.04048502445220947 0.037250816822052 0.00723017193377018
0.8102914690971375 0.7560297250747681 0.03640711307525635 0.03137868642807007 0.007218735758215189
0.5239650011062622 0.27120456099510193 0.024529457092285156 0.02208566665649414 0.00720913615077734
0.6051369905471802 0.8096893429756165 0.037903785705566406 0.03697681427001953 0.00690248841419816
0.5841223001480103 0.6320289373397827 0.030731201171875 0.03111177682876587 0.006804147269576788
0.6899229884147644 0.7459567785263062 0.04391002655029297 0.04288727045059204 0.006630391348153353
0.4951685965061188 0.9561738967895508 0.022114574909210205 0.020166754722595215 0.006601925473660231
0.7812210917472839 0.6400444507598877 0.041367173194885254 0.046418964862823486 0.006524289026856422
0.8047330975532532 0.694328784942627 0.04548680782318115 0.04369324445724487 0.0064852675423026085
0.3734925389289856 0.5481786727905273 0.02229437232017517 0.020500540733337402 0.0064399270340800285
0.5931509137153625 0.26544302701950073 0.03600490093231201 0.02673742175102234 0.006422949023544788
0.664300262928009 0.17149369418621063 0.05333995819091797 0.041326314210891724 0.006318034138530493
0.5958292484283447 0.7027506828308105 0.03701615333557129 0.041077375411987305 0.006268562749028206
0.6571976542472839 0.8033472299575806 0.03717374801635742 0.036673009395599365 0.006234185770153999
0.46034297347068787 0.5905214548110962 0.0212286114692688 0.0244634747505188 0.006230237428098917
0.6793941259384155 0.8316631317138672 0.03856128454208374 0.03285825252532959 0.006135157775133848
0.577700674533844 0.7882130146026611 0.01653897762298584 0.01431727409362793 0.006073243450373411
0.7912207841873169 0.4822835922241211 0.037198007106781006 0.030141234397888184 0.005931215826421976
0.7024151682853699 0.6721285581588745 0.03782796859741211 0.0383453369140625 0.005866723135113716
0.6085654497146606 0.7243797779083252 0.024586498737335205 0.020461857318878174 0.005778347607702017
0.6677513122558594 0.6172338724136353 0.03367626667022705 0.030581891536712646 0.005710510537028313
0.4822981357574463 0.9343211054801941 0.030447006225585938 0.027121543884277344 0.005709143355488777
0.661558985710144 0.6913961172103882 0.03991985321044922 0.03399747610092163 0.005696949083358049
0.586328387260437 0.6481078267097473 0.048315465450286865 0.03593766689300537 0.005638458300381899
0.572851300239563 0.6960657835006714 0.019554615020751953 0.02465718984603882 0.005594674032181501
0.6634300351142883 0.7217643857002258 0.04040491580963135 0.032708168029785156 0.005469757132232189
0.6042249202728271 0.768346905708313 0.01746290922164917 0.015636861324310303 0.005396706517785788
0.5734682083129883 0.7931654453277588 0.021692633628845215 0.017882585525512695 0.005230426788330078
0.7762460708618164 0.6510019302368164 0.04286223649978638 0.038324832916259766 0.005178671330213547
0.7673592567443848 0.5953583717346191 0.048052430152893066 0.035181641578674316 0.005168206989765167
0.6828229427337646 0.7317695617675781 0.04300612211227417 0.03703570365905762 0.005153510253876448
0.8772414922714233 0.5354607701301575 0.038291752338409424 0.038098692893981934 0.005130880046635866
0.7262669801712036 0.6779534816741943 0.03565889596939087 0.033259570598602295 0.00507908733561635
0.5288199782371521 0.2626383304595947 0.03647434711456299 0.034162044525146484 0.004828127101063728
0.82857346534729 0.7278926372528076 0.04778367280960083 0.04013746976852417 0.004746595863252878
0.7922071218490601 0.7929450273513794 0.02658325433731079 0.025306284427642822 0.0045804427936673164
0.44582831859588623 0.968145489692688 0.031381040811538696 0.03233987092971802 0.0045155249536037445
0.6663317680358887 0.25061026215553284 0.05268120765686035 0.04285222291946411 0.00449824333190918
0.6974808573722839 0.6779360771179199 0.04152834415435791 0.034786880016326904 0.004431362263858318
0.2938448488712311 0.6656808853149414 0.01446908712387085 0.0143510103225708 0.004178361035883427
0.6191801428794861 0.6857138872146606 0.0401841402053833 0.04169130325317383 0.004162912257015705
0.7455151081085205 0.6284394264221191 0.035001933574676514 0.02711951732635498 0.004151232074946165
0.6443235874176025 0.6470986604690552 0.03641831874847412 0.033760249614715576 0.00412834994494915
0.5412518978118896 0.19163411855697632 0.03926587104797363 0.030842825770378113 0.004127753898501396
0.6758385896682739 0.6306345462799072 0.04293555021286011 0.03406888246536255 0.004114160779863596
0.6066259145736694 0.7332571744918823 0.03382176160812378 0.03099125623703003 0.004089296795427799
0.7571160793304443 0.8110315203666687 0.033456623554229736 0.028421759605407715 0.004054445773363113
0.6066511869430542 0.8659294843673706 0.015258729457855225 0.014284133911132812 0.0039808726869523525
0.6353620290756226 0.7226604223251343 0.04227638244628906 0.035963594913482666 0.003880356904119253
0.6058385372161865 0.8656730651855469 0.020064175128936768 0.01804804801940918 0.0037560309283435345
0.8192245960235596 0.7517702579498291 0.03538244962692261 0.02781069278717041 0.003749459981918335
0.6520562171936035 0.6872718930244446 0.056660354137420654 0.04000222682952881 0.003649411490187049
0.43451642990112305 0.9572373628616333 0.04374349117279053 0.03974491357803345 0.00364155531860888
0.7984776496887207 0.6518895626068115 0.029290437698364258 0.023430049419403076 0.0035984721034765244
0.7329338788986206 0.8864024877548218 0.032089054584503174 0.028341472148895264 0.0035917044151574373
0.41066741943359375 0.8329885005950928 0.017409145832061768 0.0167810320854187 0.0035711824893951416
0.45573481917381287 0.2170657217502594 0.03387165069580078 0.032574936747550964 0.003462860593572259
0.7400608062744141 0.6293110847473145 0.029508590698242188 0.027748942375183105 0.0034581904765218496
0.5091898441314697 0.9947131872177124 0.026898980140686035 0.01057356595993042 0.00336145656183362
0.5026987791061401 0.9948819279670715 0.033537089824676514 0.010222792625427246 0.0032950753811746836
0.8055181503295898 0.7029458284378052 0.04745316505432129 0.05153542757034302 0.0032501055393368006
0.8481128811836243 0.6896040439605713 0.03984224796295166 0.039697468280792236 0.0032323661725968122
0.6124483942985535 0.6970212459564209 0.04655563831329346 0.03905081748962402 0.0031641393434256315
0.6308790445327759 0.597764253616333 0.04477214813232422 0.0423048734664917 0.0031319730915129185
0.5240520238876343 0.27207788825035095 0.029842793941497803 0.02774256467819214 0.0030547555070370436
0.3073515295982361 0.685482382774353 0.01458624005317688 0.014113843441009521 0.0028725648298859596
0.7028658390045166 0.623499870300293 0.029040038585662842 0.024806737899780273 0.002844245405867696
0.7926374673843384 0.7894847989082336 0.029403269290924072 0.025371193885803223 0.00281593413092196
0.5470986366271973 0.23640218377113342 0.037109375 0.030412495136260986 0.0027904356829822063
0.6818917989730835 0.6325458288192749 0.04393249750137329 0.03441816568374634 0.002724661258980632
0.637837290763855 0.5956254005432129 0.045360565185546875 0.043821632862091064 0.0027115752454847097
0.6193158030509949 0.22770151495933533 0.024696707725524902 0.023079022765159607 0.0026824369560927153
0.5479425191879272 0.22110936045646667 0.038319170475006104 0.04146409034729004 0.0026641832664608955
0.6053613424301147 0.7411801815032959 0.02350407838821411 0.01939946413040161 0.0026228087954223156
0.6983441114425659 0.7103773355484009 0.04539203643798828 0.03547471761703491 0.002603196306154132
0.7627524137496948 0.6314181685447693 0.053394317626953125 0.037293076515197754 0.0025935880839824677
0.4763200879096985 0.93743497133255 0.031709879636764526 0.029317498207092285 0.002553394762799144
0.6880739331245422 0.6723215579986572 0.026160359382629395 0.030645251274108887 0.0024851805064827204
0.5383769273757935 0.22839003801345825 0.025700390338897705 0.033702656626701355 0.002440517768263817
0.8480174541473389 0.6969383955001831 0.05770796537399292 0.06794184446334839 0.0024098102003335953
0.4349421560764313 0.9958230257034302 0.026612281799316406 0.008353888988494873 0.002381054451689124
0.8001548647880554 0.680324912071228 0.05434417724609375 0.04684501886367798 0.0023235061671584845
0.5448721647262573 0.9265108108520508 0.014996230602264404 0.01445162296295166 0.0023037909995764494
0.6518329977989197 0.8723306655883789 0.020604491233825684 0.021492719650268555 0.002294922713190317
0.827250599861145 0.6559551954269409 0.050073206424713135 0.03460460901260376 0.0022894323337823153
0.4549367427825928 0.5932949781417847 0.03388279676437378 0.024722278118133545 0.0022373611573129892
0.6202949285507202 0.22817735373973846 0.03109949827194214 0.028255462646484375 0.0022119830828160048
0.8587815761566162 0.7203271985054016 0.033508479595184326 0.040741562843322754 0.0022043809294700623
0.7863128781318665 0.48322659730911255 0.041594862937927246 0.037390708923339844 0.002199939452111721
0.86298006772995 0.7162473797798157 0.0419384241104126 0.03801429271697998 0.0021802710834890604
0.45973730087280273 0.5950220823287964 0.027566134929656982 0.027540504932403564 0.0021759681403636932
0.59696364402771 0.26789015531539917 0.03881722688674927 0.027390390634536743 0.0021373629570007324
0.47216808795928955 0.9439942240715027 0.028884977102279663 0.04304349422454834 0.0021260189823806286
0.7378180623054504 0.7852542996406555 0.04509389400482178 0.03560769557952881 0.002089357702061534
0.7531765699386597 0.5910866260528564 0.03774815797805786 0.04062432050704956 0.0020678844302892685
0.7462604641914368 0.8049795627593994 0.02576160430908203 0.027899563312530518 0.002053930191323161
0.7094830274581909 0.6744316220283508 0.05001252889633179 0.04616677761077881 0.0019811862148344517
0.5684356689453125 0.6432999968528748 0.042276740074157715 0.03850376605987549 0.0019435790600255132
0.6456028819084167 0.6576929092407227 0.04867708683013916 0.04071307182312012 0.001901475596241653
0.5931646823883057 0.2696573734283447 0.03391629457473755 0.027819037437438965 0.0018457245314493775
0.6540495753288269 0.7980939149856567 0.03758585453033447 0.03698873519897461 0.0018439129926264286
0.7865982055664062 0.4520606994628906 0.0209810733795166 0.017652690410614014 0.001842293655499816
0.6887926459312439 0.7532445192337036 0.03979623317718506 0.03982967138290405 0.0018370941979810596
0.6362724304199219 0.6942285299301147 0.037910640239715576 0.03381305932998657 0.0017679090378805995
0.48270249366760254 0.939061164855957 0.033850789070129395 0.030752897262573242 0.001754283788613975
0.8485404849052429 0.6823021173477173 0.0589214563369751 0.05963951349258423 0.0017493480117991567
0.6719058752059937 0.555901050567627 0.04261404275894165 0.03381383419036865 0.0017455342458561063
0.6756664514541626 0.8747221231460571 0.03983801603317261 0.0311126708984375 0.0017449561273679137
0.5901262164115906 0.6357263326644897 0.05092144012451172 0.03743380308151245 0.0016948452685028315
0.5778703689575195 0.7881227731704712 0.02258741855621338 0.01815563440322876 0.00166590407025069
0.6400672197341919 0.15273445844650269 0.048834800720214844 0.038894474506378174 0.0016479634214192629
0.6491195559501648 0.8015901446342468 0.04184377193450928 0.03701591491699219 0.0016144749242812395
0.4698534905910492 0.9411576986312866 0.03434354066848755 0.0318637490272522 0.0015921239973977208
0.7127278447151184 0.589974582195282 0.0430145263671875 0.04183518886566162 0.0015903746243566275
