x y width height conf
0.5465655326843262 0.9192444086074829 0.03469878435134888 0.03205150365829468 0.5936465263366699
0.6131126880645752 0.9033176898956299 0.024940311908721924 0.02240067720413208 0.3888293504714966
0.7257565259933472 0.7564480304718018 0.029702186584472656 0.029309391975402832 0.3612155318260193
0.6484847068786621 0.9550213813781738 0.02335488796234131 0.020907163619995117 0.36023053526878357
0.5408236980438232 0.3320079445838928 0.030734539031982422 0.02794155478477478 0.34075087308883667
0.5545992851257324 0.8072415590286255 0.02475130558013916 0.02143174409866333 0.3360513150691986
0.4530891478061676 0.8093105554580688 0.025730907917022705 0.024201810359954834 0.3116666078567505
0.5904772877693176 0.8432609438896179 0.03482770919799805 0.03236579895019531 0.29669344425201416
0.31874120235443115 0.2610432505607605 0.027685075998306274 0.028404220938682556 0.29420310258865356
0.5409806370735168 0.33232003450393677 0.025140762329101562 0.022699832916259766 0.29315727949142456
0.5738598108291626 0.41801851987838745 0.021750271320343018 0.020057111978530884 0.2891455292701721
0.3216249346733093 0.3719187378883362 0.02869853377342224 0.02873489260673523 0.2592841386795044
0.5749180912971497 0.755525529384613 0.033660888671875 0.026314139366149902 0.2566143572330475
0.32003146409988403 0.26119285821914673 0.03439655900001526 0.03354234993457794 0.25575703382492065
0.6134154796600342 0.9035395383834839 0.030444324016571045 0.02695941925048828 0.25439733266830444
0.5871437788009644 0.7818436622619629 0.026523590087890625 0.021992921829223633 0.25104859471321106
0.726424515247345 0.7555301785469055 0.038459181785583496 0.035256385803222656 0.25098735094070435
0.4581232964992523 0.3781221807003021 0.030127525329589844 0.026149272918701172 0.23269891738891602
0.6485137939453125 0.9556994438171387 0.03036212921142578 0.02508234977722168 0.22037546336650848
0.3212800621986389 0.37179750204086304 0.023405462503433228 0.023202210664749146 0.215767040848732
0.566439688205719 0.8809899091720581 0.02327585220336914 0.02107006311416626 0.21542397141456604
0.2571287155151367 0.6862342357635498 0.02474278211593628 0.024392902851104736 0.21052107214927673
0.7519234418869019 0.7593741416931152 0.019001424312591553 0.023468494415283203 0.20884647965431213
0.7720226049423218 0.695764422416687 0.020902633666992188 0.024479448795318604 0.19945308566093445
0.5741314888000488 0.7560371160507202 0.03372222185134888 0.026085078716278076 0.19249027967453003
0.5662683248519897 0.881054699420929 0.02829819917678833 0.024914145469665527 0.18800638616085052
0.6440422534942627 0.5907729864120483 0.019274473190307617 0.018252909183502197 0.1758171170949936
0.6529321074485779 0.7459909915924072 0.02979409694671631 0.027801692485809326 0.17441818118095398
0.41606035828590393 0.8081252574920654 0.02113264799118042 0.020505130290985107 0.16855883598327637
0.592849612236023 0.8073698878288269 0.02834397554397583 0.023731231689453125 0.16757714748382568
0.7512542605400085 0.7589773535728455 0.023468971252441406 0.028318285942077637 0.1660216748714447
0.3387700915336609 0.34746265411376953 0.02617606520652771 0.023521989583969116 0.15861040353775024
0.9056360125541687 0.8026615381240845 0.016893386840820312 0.017652690410614014 0.15338562428951263
0.5735770463943481 0.4184282422065735 0.029806673526763916 0.027223020792007446 0.1529904305934906
0.6056009531021118 0.3774207532405853 0.030730783939361572 0.02973872423171997 0.15138152241706848
0.6438698768615723 0.5906792879104614 0.024080634117126465 0.023823440074920654 0.1479489505290985
0.4152310788631439 0.807759165763855 0.017362892627716064 0.017389297485351562 0.1434168815612793
0.3268028795719147 0.3625490665435791 0.04224681854248047 0.04682430624961853 0.12179990857839584
0.3353716731071472 0.3560468554496765 0.034149497747421265 0.04085668921470642 0.12008239328861237
0.7977755069732666 0.7028824687004089 0.01958930492401123 0.023122191429138184 0.117855504155159
0.5404922962188721 0.331304132938385 0.03208273649215698 0.029634684324264526 0.10904961079359055
0.7395790815353394 0.7577434778213501 0.03763061761856079 0.029128849506378174 0.10151222348213196
0.4529527425765991 0.8083534240722656 0.034701257944107056 0.033298492431640625 0.10036756843328476
0.6334285736083984 0.9341246485710144 0.029831290245056152 0.02456057071685791 0.08267910778522491
0.3250287175178528 0.3697495460510254 0.0370887815952301 0.03681832551956177 0.07882867008447647
0.2565098702907562 0.6862819194793701 0.0311918705701828 0.028050243854522705 0.07513278722763062
0.4905409812927246 0.9471914172172546 0.02566826343536377 0.025318145751953125 0.07353328913450241
0.9058677554130554 0.8025482892990112 0.020920157432556152 0.022940099239349365 0.07202288508415222
0.48972272872924805 0.9470441341400146 0.021636962890625 0.019865810871124268 0.06651487201452255
0.5303190350532532 0.7814376354217529 0.02980673313140869 0.02615666389465332 0.06513524055480957
0.3682623505592346 0.48497286438941956 0.02669498324394226 0.025561153888702393 0.0638408437371254
0.7724274396896362 0.6974515914916992 0.02430182695388794 0.03124237060546875 0.06193610280752182
0.64308100938797 0.590572714805603 0.031615257263183594 0.028056204319000244 0.058968547731637955
0.6221694946289062 0.7998584508895874 0.020893335342407227 0.020027339458465576 0.05842028558254242
0.5838378667831421 0.9897899627685547 0.028934895992279053 0.01967930793762207 0.057992931455373764
0.3415280878543854 0.3483874797821045 0.037683963775634766 0.032090842723846436 0.051066234707832336
0.2948495149612427 0.27250808477401733 0.020879358053207397 0.025317281484603882 0.05024552717804909
0.6046038866043091 0.37940794229507446 0.037310659885406494 0.03747931122779846 0.04996185004711151
0.4897196292877197 0.9480783939361572 0.026090502738952637 0.0239984393119812 0.048276178538799286
0.5719470977783203 0.7573712468147278 0.04197859764099121 0.03182661533355713 0.048028431832790375
0.29600009322166443 0.2733902931213379 0.017338275909423828 0.021128714084625244 0.04770774766802788
0.45821771025657654 0.3801119327545166 0.03540802001953125 0.03276872634887695 0.04653100296854973
0.4530348777770996 0.8092834949493408 0.03728199005126953 0.033790409564971924 0.045816656202077866
0.6164501905441284 0.9044853448867798 0.040094852447509766 0.0368770956993103 0.044154878705739975
0.607967734336853 0.6464743614196777 0.02777862548828125 0.021756887435913086 0.043551553040742874
0.8313143253326416 0.8436023592948914 0.01631087064743042 0.016469597816467285 0.04318929463624954
0.7434017658233643 0.7586514949798584 0.043914973735809326 0.0378682017326355 0.043157365173101425
0.5888727903366089 0.7884451150894165 0.03037053346633911 0.03521090745925903 0.04260925576090813
0.5528872013092041 0.7200344800949097 0.03714066743850708 0.03186839818954468 0.04145128279924393
0.5838301181793213 0.7784686088562012 0.0343511700630188 0.030138611793518066 0.04116911068558693
0.6544357538223267 0.7449028491973877 0.04013490676879883 0.03346812725067139 0.03899318352341652
0.3308238983154297 0.3579777479171753 0.04724597930908203 0.05185851454734802 0.03816400468349457
0.5886999368667603 0.8439620733261108 0.04772883653640747 0.0387844443321228 0.03752541542053223
0.3355439305305481 0.352764755487442 0.04386696219444275 0.039474666118621826 0.03627477586269379
0.5925922393798828 0.8009896278381348 0.036267876625061035 0.032401323318481445 0.035927917808294296
0.6454660892486572 0.9584159851074219 0.037405192852020264 0.03442800045013428 0.03309072181582451
0.6213583946228027 0.7276864051818848 0.03549182415008545 0.02896440029144287 0.03289191052317619
0.5687121152877808 0.8792359828948975 0.03610032796859741 0.030416667461395264 0.032608512789011
0.5913159251213074 0.7822935581207275 0.0365605354309082 0.030424892902374268 0.03181653842329979
0.28987735509872437 0.2703372836112976 0.032121092081069946 0.03363129496574402 0.03163816034793854
0.659612774848938 0.7402553558349609 0.04357212781906128 0.039234459400177 0.031162122264504433
0.5533689260482788 0.7290241718292236 0.03961998224258423 0.03909224271774292 0.031115442514419556
0.31996461749076843 0.26312389969825745 0.04054230451583862 0.04266500473022461 0.03102301061153412
0.6432105302810669 0.9507631063461304 0.037639617919921875 0.033079564571380615 0.02880992740392685
0.6515207290649414 0.9554445743560791 0.039431214332580566 0.030863940715789795 0.028623327612876892
0.606070339679718 0.6795971393585205 0.0471729040145874 0.03448563814163208 0.028402801603078842
0.622067391872406 0.6995121836662292 0.043868184089660645 0.028328299522399902 0.02274589240550995
0.7976158261299133 0.7003934383392334 0.027382254600524902 0.030320048332214355 0.022616790607571602
0.5545039772987366 0.8059352040290833 0.028327584266662598 0.02733480930328369 0.022532513365149498
0.30606281757354736 0.2670247554779053 0.040809065103530884 0.03728474676609039 0.02155240625143051
0.5499504208564758 0.804142415523529 0.027956366539001465 0.028445005416870117 0.02076079323887825
0.4651086926460266 0.8408470153808594 0.020482808351516724 0.018009543418884277 0.02031627856194973
0.6070705652236938 0.6479189991950989 0.03544425964355469 0.02786099910736084 0.019570596516132355
0.667524516582489 0.7261884212493896 0.04262197017669678 0.04463404417037964 0.019352586939930916
0.6135072708129883 0.6816505193710327 0.05148953199386597 0.03866100311279297 0.018282558768987656
0.651945948600769 0.6884485483169556 0.03273242712020874 0.03061467409133911 0.01801270991563797
0.7257134318351746 0.7549359202384949 0.04841136932373047 0.04232501983642578 0.017589684575796127
0.7847804427146912 0.6982337832450867 0.0381321907043457 0.03326070308685303 0.017335670068860054
0.553289532661438 0.808673083782196 0.036365509033203125 0.031699419021606445 0.01677350141108036
0.5601183772087097 0.7323112487792969 0.05093860626220703 0.046391189098358154 0.016113227233290672
0.6077432632446289 0.6660953760147095 0.040616750717163086 0.03395718336105347 0.0160756167024374
0.576452910900116 0.5592724084854126 0.028803229331970215 0.025143206119537354 0.01604692079126835
0.6107673645019531 0.6938525438308716 0.05181884765625 0.033183157444000244 0.015925129875540733
0.6197212338447571 0.7243641018867493 0.041585326194763184 0.0334392786026001 0.015668317675590515
0.623622715473175 0.920490562915802 0.03841531276702881 0.03621482849121094 0.014871422201395035
0.294244647026062 0.26648348569869995 0.03886854648590088 0.040692538022994995 0.014771425165235996
0.7540823221206665 0.7580081820487976 0.03508263826370239 0.032852768898010254 0.014704911969602108
0.5527949333190918 0.7414343357086182 0.03952634334564209 0.03782010078430176 0.014658357948064804
0.6108989715576172 0.9036444425582886 0.038913726806640625 0.030485689640045166 0.014655733481049538
0.647530198097229 0.7456152439117432 0.04765063524246216 0.04123806953430176 0.014172179624438286
0.633603572845459 0.9294246435165405 0.031594276428222656 0.028412044048309326 0.01399067509919405
0.6695777177810669 0.8938477039337158 0.022384464740753174 0.02303868532180786 0.013609576970338821
0.5372440814971924 0.21569661796092987 0.02952498197555542 0.028099924325942993 0.013165095821022987
0.6356782913208008 0.6961575746536255 0.03602337837219238 0.0265008807182312 0.012758070603013039
0.5527073740959167 0.7150385975837708 0.03929269313812256 0.029517769813537598 0.012529500760138035
0.5368478298187256 0.21411430835723877 0.027665913105010986 0.026277363300323486 0.012482556514441967
0.5827354192733765 0.7825435400009155 0.039183080196380615 0.02636057138442993 0.011733542196452618
0.5651775598526001 0.747472882270813 0.05170172452926636 0.03922992944717407 0.01147015392780304
0.25853872299194336 0.6851130723953247 0.035191431641578674 0.03550243377685547 0.011139401234686375
0.5831609964370728 0.9880423545837402 0.035273730754852295 0.023073434829711914 0.011060887947678566
0.6071999073028564 0.6495766043663025 0.037312328815460205 0.030713915824890137 0.010719687677919865
0.49243471026420593 0.9475307464599609 0.03277856111526489 0.028475165367126465 0.010236391797661781
0.5784868001937866 0.5591515302658081 0.030241549015045166 0.027137815952301025 0.01021876372396946
0.5897008180618286 0.8499544262886047 0.04072028398513794 0.045240044593811035 0.010090314783155918
0.6818981170654297 0.7597684860229492 0.03392982482910156 0.036280930042266846 0.009996557608246803
0.6696822643280029 0.7200208902359009 0.03212332725524902 0.02991098165512085 0.009947570972144604
0.6020600199699402 0.4719911813735962 0.021030426025390625 0.019990533590316772 0.009922243654727936
0.4649406671524048 0.8404386043548584 0.02426663041114807 0.022871196269989014 0.009750007651746273
0.9079788327217102 0.8021259307861328 0.026604056358337402 0.026199936866760254 0.009663049131631851
0.6825934648513794 0.7594950795173645 0.027389347553253174 0.02941417694091797 0.009546617977321148
0.6393799781799316 0.6884188652038574 0.037755727767944336 0.03354644775390625 0.009109383448958397
0.6219738125801086 0.9079467058181763 0.046333909034729004 0.04132801294326782 0.008881406858563423
0.6641230583190918 0.7395258545875549 0.059160470962524414 0.05628645420074463 0.008793494664132595
0.5485109686851501 0.9194801449775696 0.04574120044708252 0.038851141929626465 0.008387950249016285
0.4393150210380554 0.7694480419158936 0.028124123811721802 0.025114238262176514 0.008321631699800491
0.6016221642494202 0.6641285419464111 0.049965858459472656 0.039699435234069824 0.008274023421108723
0.6001774072647095 0.47256678342819214 0.03380399942398071 0.028673559427261353 0.008037774823606014
0.6009985208511353 0.47264233231544495 0.026614367961883545 0.02548903226852417 0.007670413702726364
0.5722162127494812 0.4176207482814789 0.038300514221191406 0.033954918384552 0.007600245997309685
0.6334725618362427 0.739371657371521 0.04074859619140625 0.03502172231674194 0.007553761824965477
0.47365742921829224 0.4865759015083313 0.018139630556106567 0.01738336682319641 0.00750382337719202
0.4623863101005554 0.3778805136680603 0.044793128967285156 0.0342390239238739 0.007249649614095688
0.45960837602615356 0.5105376243591309 0.021366119384765625 0.018981754779815674 0.006983204744756222
0.527418851852417 0.7843111753463745 0.04061436653137207 0.03908044099807739 0.0069825304672122
0.5856271982192993 0.6625701785087585 0.0390285849571228 0.034436821937561035 0.006673155818134546
0.36860257387161255 0.48381900787353516 0.03449544310569763 0.033840179443359375 0.006628026720136404
0.5424652695655823 0.33348608016967773 0.050292134284973145 0.04243886470794678 0.006507598329335451
0.8446199893951416 0.8602899312973022 0.013272464275360107 0.012632787227630615 0.0063843815587460995
0.832445502281189 0.8427467346191406 0.02600175142288208 0.023297667503356934 0.006258685141801834
0.6025826930999756 0.3771013617515564 0.052411437034606934 0.04390034079551697 0.00623728521168232
0.41581305861473083 0.8066622018814087 0.025366604328155518 0.027981221675872803 0.006205157842487097
0.7704230546951294 0.6960723400115967 0.03202027082443237 0.03300350904464722 0.0061763194389641285
0.6027754545211792 0.6882598996162415 0.05441802740097046 0.03856790065765381 0.006168684922158718
0.49019283056259155 0.9486100077629089 0.02965030074119568 0.031853675842285156 0.005994956940412521
0.6078920364379883 0.6549165844917297 0.041719257831573486 0.041077256202697754 0.00591048039495945
0.28338947892189026 0.2674976885318756 0.02464526891708374 0.03368347883224487 0.005856250412762165
0.4761476516723633 0.48427659273147583 0.021418392658233643 0.020032882690429688 0.005817068740725517
0.4902229309082031 0.7145108580589294 0.02528059482574463 0.02192544937133789 0.005698672495782375
0.48576727509498596 0.7544549703598022 0.02256566286087036 0.02022641897201538 0.005625363439321518
0.5504682660102844 0.9227110147476196 0.03641378879547119 0.035404980182647705 0.005558816250413656
0.5507433414459229 0.7347613573074341 0.04352778196334839 0.04111766815185547 0.005372422747313976
0.38941073417663574 0.7788004875183105 0.01673150062561035 0.01691293716430664 0.005228015594184399
0.4544488191604614 0.40188154578208923 0.018305867910385132 0.014654815196990967 0.005217305850237608
0.6198666095733643 0.733765721321106 0.03745001554489136 0.03744584321975708 0.005212848540395498
0.43980473279953003 0.7713171243667603 0.034151822328567505 0.029750049114227295 0.005060202442109585
0.6473516821861267 0.6885847449302673 0.03912150859832764 0.036127686500549316 0.0050102462992072105
0.6768673062324524 0.7581709623336792 0.037856101989746094 0.037391602993011475 0.004893316887319088
0.5683712959289551 0.7980442047119141 0.03772604465484619 0.030550241470336914 0.004881721455603838
0.6309604644775391 0.9390454292297363 0.03474390506744385 0.03455519676208496 0.004860963672399521
0.5654478073120117 0.8816732168197632 0.0287628173828125 0.02737373113632202 0.004634202923625708
0.6188515424728394 0.7135555744171143 0.04714411497116089 0.03894251585006714 0.004556967876851559
0.5977977514266968 0.994248628616333 0.03957033157348633 0.011334598064422607 0.004554347135126591
0.5252442359924316 0.8643813133239746 0.023574471473693848 0.020389318466186523 0.004429673310369253
0.8324205875396729 0.9263961911201477 0.014867603778839111 0.014461517333984375 0.004346026573330164
0.5631310939788818 0.8806917667388916 0.043739140033721924 0.03083246946334839 0.004333651624619961
0.37032023072242737 0.4839431941509247 0.03650110960006714 0.03437405824661255 0.00420786440372467
0.6161023378372192 0.7119237184524536 0.047119081020355225 0.03541940450668335 0.00419882545247674
0.5361452102661133 0.21741001307964325 0.037858009338378906 0.0348762571811676 0.00415923073887825
0.6491159200668335 0.750458836555481 0.03705352544784546 0.03378063440322876 0.004158879164606333
0.49256011843681335 0.7128674983978271 0.03721123933792114 0.03135555982589722 0.003855063347145915
0.6693965196609497 0.8933807611465454 0.018149852752685547 0.01741081476211548 0.003823239589110017
0.538780689239502 0.2156190276145935 0.04163569211959839 0.03506709635257721 0.003823099425062537
0.6235114336013794 0.7065416574478149 0.042604267597198486 0.03323334455490112 0.003784454194828868
0.904854416847229 0.804700493812561 0.026533126831054688 0.031253278255462646 0.0037510828115046024
0.5986373424530029 0.8034387826919556 0.04359626770019531 0.030990779399871826 0.0036614290438592434
0.6588746309280396 0.7015236616134644 0.04258018732070923 0.036284029483795166 0.0036326509434729815
0.5601334571838379 0.7146804332733154 0.04479503631591797 0.03171330690383911 0.003603680059313774
0.6460005044937134 0.5900890231132507 0.03988075256347656 0.03496134281158447 0.003407771233469248
0.5927354097366333 0.6755627393722534 0.05332714319229126 0.03956335783004761 0.0033066878095269203
0.5805678367614746 0.6553268432617188 0.023546218872070312 0.024450063705444336 0.0032749013043940067
0.4868120849132538 0.7535800933837891 0.02972489595413208 0.029137611389160156 0.00322868418879807
0.5338290333747864 0.21976056694984436 0.03777122497558594 0.031766414642333984 0.0031745864544063807
0.5496021509170532 0.7185372114181519 0.048396527767181396 0.04131835699081421 0.0031248785089701414
0.3856661319732666 0.2891412675380707 0.031027942895889282 0.027407467365264893 0.0030269515700638294
0.6110689640045166 0.7968363761901855 0.044955432415008545 0.033551931381225586 0.0029913894832134247
0.38918596506118774 0.7785965204238892 0.021062135696411133 0.019344747066497803 0.0029361716005951166
0.4111047387123108 0.804513692855835 0.026143819093704224 0.029621899127960205 0.0028973689768463373
0.5192137956619263 0.20817631483078003 0.04931071400642395 0.030508235096931458 0.0028747564647346735
0.5888515710830688 0.3702494204044342 0.03939247131347656 0.029882431030273438 0.002824861789122224
0.8442966341972351 0.8585523366928101 0.018989205360412598 0.021142542362213135 0.002819589339196682
0.34898242354393005 0.3040659427642822 0.024697482585906982 0.023664146661758423 0.00267092720605433
0.1661423146724701 0.24689564108848572 0.03076930344104767 0.029075726866722107 0.002660099184140563
0.5704695582389832 0.8775602579116821 0.042168259620666504 0.039799511432647705 0.0026291620451956987
0.6853076219558716 0.7544907331466675 0.030693233013153076 0.03952711820602417 0.002597690559923649
0.4769802987575531 0.6688005924224854 0.024354755878448486 0.022312462329864502 0.002528707031160593
0.39618825912475586 0.24041400849819183 0.02504110336303711 0.02256050705909729 0.002472494961693883
0.6089034080505371 0.9049258232116699 0.04438650608062744 0.04022717475891113 0.0024598739109933376
0.46438896656036377 0.47052210569381714 0.015756040811538696 0.014844328165054321 0.002446490805596113
0.5725511312484741 0.8862384557723999 0.04404503107070923 0.03723067045211792 0.0024153362028300762
0.5111860036849976 0.7693482637405396 0.049500882625579834 0.04230016469955444 0.0023116881493479013
0.45964133739471436 0.5108347535133362 0.02541676163673401 0.024418145418167114 0.002248098375275731
0.4743543863296509 0.48646533489227295 0.024173349142074585 0.021836847066879272 0.0021467560436576605
0.6262131333351135 0.936178982257843 0.04136037826538086 0.0321124792098999 0.0020313456188887358
0.9452625513076782 0.6406453847885132 0.020417392253875732 0.026579320430755615 0.0020239430014044046
0.6674765348434448 0.8938890695571899 0.02843266725540161 0.02608489990234375 0.0019627867732197046
0.515375018119812 0.7929127812385559 0.036036401987075806 0.026977896690368652 0.0019509409321472049
0.6471048593521118 0.6949425935745239 0.040491580963134766 0.03140634298324585 0.001940905931405723
0.48825931549072266 0.7577269077301025 0.036949753761291504 0.031948864459991455 0.0018720484804362059
0.29226118326187134 0.2746444344520569 0.029877901077270508 0.03332212567329407 0.0018575283465906978
0.6516098380088806 0.6833103895187378 0.03727245330810547 0.03507918119430542 0.001837308518588543
0.3423229157924652 0.2260008454322815 0.02190190553665161 0.018979832530021667 0.0018242872320115566
0.9334009289741516 0.7525781393051147 0.013145804405212402 0.01325458288192749 0.0018070533405989408
0.3959811329841614 0.23987197875976562 0.019667714834213257 0.01813754439353943 0.0017459996743127704
0.5204131603240967 0.22904138267040253 0.029359638690948486 0.02211141586303711 0.001735796919092536
0.5037860870361328 0.20009401440620422 0.03791487216949463 0.034456729888916016 0.0017176371766254306
0.8289642333984375 0.9249240756034851 0.0176849365234375 0.017223715782165527 0.0017056989017874002
0.3467780649662018 0.3067399263381958 0.03177785873413086 0.029002755880355835 0.0016838560113683343
0.349883496761322 0.30334198474884033 0.02974700927734375 0.029172062873840332 0.0016783910105004907
0.5458052754402161 0.7128897905349731 0.039780259132385254 0.03443044424057007 0.0016750196227803826
0.47285330295562744 0.48651742935180664 0.028047174215316772 0.025111794471740723 0.001667221076786518
0.5757986307144165 0.7519372701644897 0.04970461130142212 0.037354886531829834 0.0016444510547444224
0.45541515946388245 0.815653383731842 0.03723412752151489 0.04120981693267822 0.0016305457102134824
0.34817785024642944 0.34522348642349243 0.03941813111305237 0.03232315182685852 0.0016293552471324801
0.8012788891792297 0.697981059551239 0.030999183654785156 0.032476067543029785 0.0016269750194624066
0.534880518913269 0.7699125409126282 0.048534929752349854 0.04235517978668213 0.0016253484645858407
0.4464307427406311 0.8084943294525146 0.03576686978340149 0.03246426582336426 0.0016030921833589673
0.6767815351486206 0.7169299125671387 0.03214883804321289 0.033093810081481934 0.001549174776300788
0.45426321029663086 0.9133832454681396 0.02212083339691162 0.018603146076202393 0.0015409794868901372
0.16843193769454956 0.24729223549365997 0.038516804575920105 0.034512728452682495 0.0015365720028057694
0.5956699848175049 0.7318029403686523 0.035108745098114014 0.029073894023895264 0.0015317642828449607
0.2804900109767914 0.2675049901008606 0.03272920846939087 0.03639863431453705 0.0015086096245795488
0.449834942817688 0.20641008019447327 0.022118955850601196 0.021191969513893127 0.0014923042617738247
0.6429581642150879 0.7243512272834778 0.052770912647247314 0.041849493980407715 0.0014915642095729709
0.5793042182922363 0.8752756118774414 0.055493056774139404 0.04277384281158447 0.0014676228165626526
0.5756527185440063 0.5550482869148254 0.030615389347076416 0.027684807777404785 0.0014413580065593123
0.6484984159469604 0.9481474161148071 0.045091092586517334 0.03793376684188843 0.0014348187251016498
0.4914151430130005 0.719559907913208 0.03706267476081848 0.03350973129272461 0.0014271335676312447
0.3404914140701294 0.22654147446155548 0.028174012899398804 0.02362242341041565 0.001413920195773244
0.579127311706543 0.65816330909729 0.0281982421875 0.029207050800323486 0.0013890755362808704
0.552778959274292 0.873936653137207 0.03330022096633911 0.0321197509765625 0.0013817396247759461
0.6396989226341248 0.5894539952278137 0.04590713977813721 0.03698384761810303 0.001371639547869563
0.5645736455917358 0.7703393697738647 0.04390972852706909 0.04735773801803589 0.0013530774740502238
0.48180484771728516 0.756003737449646 0.03330957889556885 0.025832176208496094 0.0013524455716833472
0.3592875897884369 0.6986048817634583 0.02423018217086792 0.023254990577697754 0.0013515397440642118
0.3941023051738739 0.7790923118591309 0.03195452690124512 0.025585830211639404 0.001331001752987504
0.2770007848739624 0.6578686237335205 0.015100091695785522 0.014764606952667236 0.0013160381931811571
0.4489828944206238 0.8740581274032593 0.02032354474067688 0.01902240514755249 0.0012984167551621795
0.717695951461792 0.9960163831710815 0.022073566913604736 0.007967174053192139 0.0012821485288441181
0.5501022338867188 0.802535355091095 0.046545982360839844 0.038865089416503906 0.0012742188991978765
0.5982362031936646 0.3705441355705261 0.042503416538238525 0.037789374589920044 0.0012617703760042787
0.5663174390792847 0.7155771255493164 0.051077425479888916 0.040177106857299805 0.0012574034044519067
0.5703611373901367 0.7428439855575562 0.05691492557525635 0.045110225677490234 0.0012369491159915924
0.616705060005188 0.6689220666885376 0.04646092653274536 0.04359930753707886 0.0012217910261824727
0.5166188478469849 0.23015324771404266 0.03146117925643921 0.026595264673233032 0.0011982653522863984
0.45149698853492737 0.3762543797492981 0.05054968595504761 0.03777399659156799 0.001196168246679008
0.5715789794921875 0.786243736743927 0.04648458957672119 0.04199254512786865 0.001189634669572115
0.7230753898620605 0.7436620593070984 0.036733031272888184 0.036760926246643066 0.0011604782193899155
0.38267454504966736 0.29239368438720703 0.03927069902420044 0.03514179587364197 0.0011563930893316865
0.6429179310798645 0.9371742010116577 0.04548227787017822 0.037930309772491455 0.0010964986868202686
0.46441197395324707 0.47086286544799805 0.02084028720855713 0.019149601459503174 0.0010881045600399375
0.6215039491653442 0.7484623789787292 0.03358381986618042 0.037140488624572754 0.0010797076392918825
0.8447822332382202 0.8617355227470398 0.01666778326034546 0.016917824745178223 0.001072583138011396
0.6140644550323486 0.9945704936981201 0.028797388076782227 0.010212719440460205 0.0010694507509469986
0.6358246803283691 0.9521894454956055 0.04567605257034302 0.044989943504333496 0.0010525555117055774
0.4673784375190735 0.8420873880386353 0.03310754895210266 0.027242839336395264 0.0010460478952154517
0.46066713333129883 0.37196725606918335 0.045825958251953125 0.04238596558570862 0.001040902454406023
0.5829794406890869 0.36385729908943176 0.03353041410446167 0.0275762677192688 0.0010204147547483444
0.6759248971939087 0.7376629710197449 0.044529736042022705 0.04177570343017578 0.0010036667808890343
0.8300725817680359 0.8443981409072876 0.02825319766998291 0.02979034185409546 0.0009955528657883406
0.5793496370315552 0.6968212127685547 0.035118043422698975 0.02699148654937744 0.000990338041447103
0.6704388856887817 0.4453517198562622 0.03370875120162964 0.03029116988182068 0.000990287633612752
0.591549277305603 0.6576249599456787 0.04160577058792114 0.0372888445854187 0.000986532075330615
0.44528570771217346 0.3735309839248657 0.04378032684326172 0.03516712784767151 0.0009766225703060627
0.6102792620658875 0.3784419298171997 0.04774630069732666 0.043296247720718384 0.0009563180501572788
0.6391044855117798 0.7545393705368042 0.05102139711380005 0.05142277479171753 0.0009172413847409189
0.7104372978210449 0.9957993030548096 0.028957605361938477 0.00840139389038086 0.0009039419237524271
0.3626939654350281 0.6992243528366089 0.02168092131614685 0.020532429218292236 0.0008861775859259069
0.7169013023376465 0.8604904413223267 0.021569013595581055 0.019839465618133545 0.0008802933152765036
0.49217286705970764 0.9455244541168213 0.03911083936691284 0.03494948148727417 0.0008788756676949561
0.6136181354522705 0.8967607021331787 0.0448877215385437 0.04046136140823364 0.0008780532516539097
0.35161668062210083 0.6329730749130249 0.016869544982910156 0.016231536865234375 0.000872465199790895
0.5738232135772705 0.7083495259284973 0.03392106294631958 0.030499815940856934 0.000867983908392489
0.4512959420681 0.20610065758228302 0.03190326690673828 0.026562124490737915 0.0008654327830299735
0.5133852958679199 0.21753275394439697 0.04252931475639343 0.04270380735397339 0.0008613687241449952
0.5375961065292358 0.2091425657272339 0.04025322198867798 0.037008464336395264 0.0008472782792523503
0.5969446301460266 0.84185391664505 0.050781846046447754 0.045091986656188965 0.0008445876301266253
0.631199836730957 0.6295582056045532 0.018832921981811523 0.01588153839111328 0.0008429197478108108
0.6574079990386963 0.7507002353668213 0.055192768573760986 0.04858666658401489 0.0008385177934542298
0.6359069347381592 0.9687987565994263 0.0330083966255188 0.03267902135848999 0.0008315317681990564
0.49583500623703003 0.7547054290771484 0.043201446533203125 0.033638954162597656 0.0008169498178176582
