x y width height conf
0.866330623626709 0.6896501183509827 0.02165544033050537 0.02239525318145752 0.5644009709358215
0.8776487112045288 0.6573950052261353 0.025529861450195312 0.026619911193847656 0.49145373702049255
0.5591327548027039 0.9181516766548157 0.022904515266418457 0.022101998329162598 0.4395788908004761
0.4303510785102844 0.505637526512146 0.03391799330711365 0.03613227605819702 0.43725764751434326
0.43920451402664185 0.34951913356781006 0.03160783648490906 0.02861499786376953 0.432228147983551
0.4656582772731781 0.3941463232040405 0.02798938751220703 0.025622934103012085 0.41110002994537354
0.7897204756736755 0.8034993410110474 0.023531436920166016 0.021486341953277588 0.407819539308548
0.642444372177124 0.7939996719360352 0.027115702629089355 0.025171995162963867 0.38505101203918457
0.8661861419677734 0.611536979675293 0.020180940628051758 0.020197033882141113 0.37843307852745056
0.5120829343795776 0.8883247375488281 0.028141915798187256 0.028072714805603027 0.3611915707588196
0.6702927350997925 0.8313705325126648 0.027009189128875732 0.02352142333984375 0.35594335198402405
0.472250372171402 0.24702639877796173 0.02773982286453247 0.025384992361068726 0.3174995183944702
0.5938159823417664 0.9611533880233765 0.025246620178222656 0.02149432897567749 0.31578418612480164
0.7606247067451477 0.31572380661964417 0.02215719223022461 0.020513296127319336 0.30972617864608765
0.7891775369644165 0.8034294247627258 0.028839111328125 0.027432799339294434 0.2952309250831604
0.30040305852890015 0.695383608341217 0.025128930807113647 0.026503920555114746 0.28115469217300415
0.7100437879562378 0.8205951452255249 0.03325700759887695 0.03009873628616333 0.277727335691452
0.35476332902908325 0.3899279832839966 0.023196786642074585 0.022609621286392212 0.2685922384262085
0.3818093538284302 0.4813920557498932 0.023937314748764038 0.02192610502243042 0.26632633805274963
0.817090630531311 0.3722296357154846 0.019093334674835205 0.01683703064918518 0.25543197989463806
0.7699818015098572 0.35396111011505127 0.026888489723205566 0.024928957223892212 0.24749396741390228
0.8150240182876587 0.4334540367126465 0.026742160320281982 0.027491211891174316 0.2466997355222702
0.8652889728546143 0.6897022128105164 0.02596205472946167 0.027080893516540527 0.23374974727630615
0.865282416343689 0.6119610071182251 0.025734364986419678 0.024654805660247803 0.2237558364868164
0.6693901419639587 0.8321741819381714 0.033600449562072754 0.02802520990371704 0.2148546576499939
0.7093039751052856 0.8202816247940063 0.03382474184036255 0.0291784405708313 0.21116501092910767
0.6816216111183167 0.7385845184326172 0.020816802978515625 0.020624876022338867 0.19858986139297485
0.3424515426158905 0.301206111907959 0.03000587224960327 0.029215633869171143 0.19649729132652283
0.3499775528907776 0.3470166325569153 0.0278225839138031 0.027400285005569458 0.17690463364124298
0.6814545392990112 0.7387745976448059 0.0261266827583313 0.023560523986816406 0.1752086579799652
0.592845618724823 0.9614495038986206 0.030588269233703613 0.025396883487701416 0.1744290292263031
0.8162641525268555 0.3723561465740204 0.026137590408325195 0.02175217866897583 0.1442427784204483
0.32392966747283936 0.34363406896591187 0.01865863800048828 0.018354147672653198 0.14228764176368713
0.39499080181121826 0.37459230422973633 0.02294817566871643 0.023873209953308105 0.13954178988933563
0.7696772813796997 0.35354310274124146 0.031190454959869385 0.028826087713241577 0.13492846488952637
0.37445053458213806 0.30047333240509033 0.028464019298553467 0.03072124719619751 0.1344982534646988
0.32723480463027954 0.36757051944732666 0.02197858691215515 0.02084454894065857 0.1335478574037552
0.7697191834449768 0.35431551933288574 0.03429222106933594 0.029277026653289795 0.13278189301490784
0.8256317973136902 0.48131245374679565 0.018892645835876465 0.017330646514892578 0.12497732788324356
0.5591474771499634 0.9178934097290039 0.02742081880569458 0.02726137638092041 0.12366688996553421
0.8458422422409058 0.7631230354309082 0.0295678973197937 0.03152823448181152 0.12166725844144821
0.8437528610229492 0.4344383478164673 0.021684646606445312 0.024926751852035522 0.11648262292146683
0.2999306917190552 0.6940205693244934 0.031207650899887085 0.032938361167907715 0.11261267215013504
0.8764520883560181 0.6555120944976807 0.033174097537994385 0.030167758464813232 0.11157074570655823
0.47105854749679565 0.2469405233860016 0.03576049208641052 0.02940244972705841 0.0932980552315712
0.35885894298553467 0.41615867614746094 0.031263917684555054 0.025498688220977783 0.08774734288454056
0.380595326423645 0.48132264614105225 0.02806958556175232 0.023586660623550415 0.08609095960855484
0.3573133051395416 0.4159752130508423 0.030517399311065674 0.02459391951560974 0.0835011824965477
0.35423004627227783 0.39001983404159546 0.026406854391098022 0.025413036346435547 0.08232737332582474
0.2919561564922333 0.7600519061088562 0.01561427116394043 0.017050743103027344 0.08027107268571854
0.3830755352973938 0.4810388684272766 0.029982835054397583 0.028022199869155884 0.07937153428792953
0.6946955919265747 0.7366613745689392 0.03854656219482422 0.02778184413909912 0.06775442510843277
0.8263040781021118 0.4815031886100769 0.02659374475479126 0.022566407918930054 0.06626279652118683
0.8119075894355774 0.7677803039550781 0.01936209201812744 0.020673751831054688 0.06521083414554596
0.6619008779525757 0.879805862903595 0.021487653255462646 0.021330833435058594 0.06287282705307007
0.24888110160827637 0.6922659873962402 0.014796912670135498 0.016085803508758545 0.062403060495853424
0.8687725067138672 0.6124188899993896 0.030152559280395508 0.027960598468780518 0.061913058161735535
0.5458828210830688 0.6433632969856262 0.015762746334075928 0.014852166175842285 0.059653256088495255
0.42862462997436523 0.4993131756782532 0.030989468097686768 0.030346661806106567 0.057394348084926605
0.30304157733917236 0.33516746759414673 0.022428900003433228 0.0201776921749115 0.054856885224580765
0.6621997356414795 0.8798564672470093 0.027267277240753174 0.025906026363372803 0.05428483709692955
0.3310355842113495 0.9157088994979858 0.02067708969116211 0.020347177982330322 0.05257698893547058
0.3267914354801178 0.3658636510372162 0.02579289674758911 0.026882827281951904 0.05238506942987442
0.8204801678657532 0.37534064054489136 0.03147447109222412 0.028017431497573853 0.050801392644643784
0.3568445146083832 0.3898095488548279 0.02962273359298706 0.027205467224121094 0.04709777608513832
0.5094552040100098 0.8882854580879211 0.037620753049850464 0.033048272132873535 0.046512920409440994
0.35704925656318665 0.4145338535308838 0.03163188695907593 0.024744868278503418 0.045428987592458725
0.3527005910873413 0.34429436922073364 0.03352126479148865 0.03237602114677429 0.04413586109876633
0.7907780408859253 0.8043372631072998 0.037548065185546875 0.03678244352340698 0.043452467769384384
0.7919638156890869 0.5098558664321899 0.0276983380317688 0.03114756941795349 0.03907197341322899
0.2699967622756958 0.3166979253292084 0.024310022592544556 0.0271909236907959 0.0380411297082901
0.5450628995895386 0.6440598368644714 0.02116948366165161 0.019807815551757812 0.03498021140694618
0.36927586793899536 0.2993718981742859 0.04031887650489807 0.03274133801460266 0.03451073169708252
0.43590277433395386 0.34999075531959534 0.0402320921421051 0.032485783100128174 0.03364167734980583
0.5956250429153442 0.7769951820373535 0.018787682056427002 0.01713639497756958 0.0321500189602375
0.39248257875442505 0.37400493025779724 0.028846412897109985 0.028439998626708984 0.030515030026435852
0.7121686935424805 0.8203169107437134 0.042766571044921875 0.035155296325683594 0.028199758380651474
0.26596301794052124 0.3958614766597748 0.01852312684059143 0.017369747161865234 0.027534445747733116
0.3019868731498718 0.6939347386360168 0.040559083223342896 0.038406968116760254 0.026277154684066772
0.7334259748458862 0.7113773226737976 0.02223116159439087 0.020836234092712402 0.025155654177069664
0.691500186920166 0.29459112882614136 0.026961088180541992 0.02009686827659607 0.024978838860988617
0.3947216272354126 0.3743535876274109 0.028821855783462524 0.0280018150806427 0.02317042462527752
0.4745568335056305 0.25030550360679626 0.03683948516845703 0.030306443572044373 0.022439902648329735
0.7370284795761108 0.6203754544258118 0.022558987140655518 0.020632147789001465 0.022273948416113853
0.7011224627494812 0.7357190251350403 0.030014634132385254 0.028277039527893066 0.021870439872145653
0.6454741358757019 0.7952273488044739 0.039805054664611816 0.029099464416503906 0.021250803023576736
0.8279651403427124 0.6614933013916016 0.018403589725494385 0.017763733863830566 0.020972443744540215
0.34199845790863037 0.3026392459869385 0.03717079758644104 0.036738038063049316 0.020050978288054466
0.6947768926620483 0.2923247218132019 0.0315820574760437 0.026628881692886353 0.019117562100291252
0.561939001083374 0.6680333614349365 0.021064460277557373 0.018972277641296387 0.018401358276605606
0.2640245258808136 0.7485936880111694 0.01642543077468872 0.017375946044921875 0.017764907330274582
0.5958992838859558 0.7762336730957031 0.025726675987243652 0.022886276245117188 0.017426645383238792
0.3269054889678955 0.3703377842903137 0.025053024291992188 0.02639654278755188 0.01742626167833805
0.3530154228210449 0.3503952622413635 0.03384435176849365 0.030530184507369995 0.017350973561406136
0.266411155462265 0.7775152325630188 0.013815224170684814 0.014179229736328125 0.017332129180431366
0.4966509938240051 0.7510599493980408 0.021123677492141724 0.022485852241516113 0.016772327944636345
0.8261950016021729 0.433068186044693 0.049343883991241455 0.034183502197265625 0.01612917147576809
0.6213865280151367 0.9951258897781372 0.01789247989654541 0.009748280048370361 0.015758395195007324
0.644442081451416 0.7415035963058472 0.017011404037475586 0.015236079692840576 0.015635589137673378
0.3260824680328369 0.36817842721939087 0.03360074758529663 0.0311737060546875 0.015575580298900604
0.45065411925315857 0.5618941783905029 0.02157038450241089 0.02105259895324707 0.015474395826458931
0.8285462856292725 0.6619290113449097 0.019529521465301514 0.01902562379837036 0.015446770936250687
0.8183377385139465 0.4333294928073883 0.037915825843811035 0.02878093719482422 0.015019473619759083
0.8272517919540405 0.3904433250427246 0.02950972318649292 0.031010985374450684 0.013837647624313831
0.759393572807312 0.3165353834629059 0.0352444052696228 0.028111755847930908 0.013491470366716385
0.35566848516464233 0.41839712858200073 0.0349525511264801 0.031316012144088745 0.013113807886838913
0.7006277441978455 0.280800998210907 0.027374625205993652 0.02379468083381653 0.012829943560063839
0.6458703279495239 0.6596004962921143 0.01891690492630005 0.017799675464630127 0.012644531205296516
0.8762786984443665 0.6570186614990234 0.044222474098205566 0.03839755058288574 0.012632085010409355
0.9175731539726257 0.8504745364189148 0.018598556518554688 0.0201263427734375 0.012626578100025654
0.7371864318847656 0.6214221119880676 0.026457786560058594 0.026336312294006348 0.012105152010917664
0.26565176248550415 0.3967576026916504 0.023290902376174927 0.023192405700683594 0.011961249634623528
0.8423573970794678 0.43211525678634644 0.027012646198272705 0.031152158975601196 0.011604119092226028
0.4664103388786316 0.3950534462928772 0.03479936718940735 0.02908039093017578 0.011295782402157784
0.7026199102401733 0.2810445725917816 0.030062854290008545 0.024071872234344482 0.010927123948931694
0.3174896836280823 0.3415490388870239 0.03141450881958008 0.027178645133972168 0.010595293715596199
0.3020203113555908 0.6985043287277222 0.030624866485595703 0.03303104639053345 0.0105153638869524
0.4289776384830475 0.49900496006011963 0.037983238697052 0.03860190510749817 0.010429464280605316
0.8108513951301575 0.767403244972229 0.026166319847106934 0.026696979999542236 0.010294129140675068
0.7703536748886108 0.35330039262771606 0.04005926847457886 0.035544395446777344 0.01009981706738472
0.7020140886306763 0.7352774739265442 0.03907662630081177 0.031182289123535156 0.010023554787039757
0.29444772005081177 0.6918008327484131 0.03184041380882263 0.033876240253448486 0.009845164604485035
0.3217453360557556 0.6238353252410889 0.015367776155471802 0.014612376689910889 0.009786915965378284
0.6443060636520386 0.7431527376174927 0.02159339189529419 0.020974576473236084 0.009715934284031391
0.43034762144088745 0.49957355856895447 0.042655378580093384 0.03620964288711548 0.009465430863201618
0.653082549571991 0.32274752855300903 0.02703225612640381 0.025241613388061523 0.009369835257530212
0.842058539390564 0.7588514089584351 0.04062992334365845 0.046812236309051514 0.009361924603581429
0.27658647298812866 0.6973225474357605 0.014141172170639038 0.02003014087677002 0.00929048378020525
0.3543976843357086 0.41319000720977783 0.039241135120391846 0.034227460622787476 0.00926868338137865
0.7052813172340393 0.28040608763694763 0.02402174472808838 0.020355522632598877 0.009210536256432533
0.3280791938304901 0.9130956530570984 0.023739278316497803 0.022312164306640625 0.009098014794290066
0.26876401901245117 0.6958339214324951 0.016289710998535156 0.017150521278381348 0.008991808630526066
0.7223172187805176 0.7735333442687988 0.02460038661956787 0.02327030897140503 0.008896096609532833
0.2901865839958191 0.7304602861404419 0.013436466455459595 0.013186454772949219 0.008590283803641796
0.8365514874458313 0.7422310709953308 0.038684844970703125 0.04131317138671875 0.008457791060209274
0.38736480474472046 0.43523693084716797 0.015143871307373047 0.013576328754425049 0.0082766804844141
0.8742256164550781 0.6117575168609619 0.034682512283325195 0.030449092388153076 0.00797769334167242
0.6521506309509277 0.32360440492630005 0.030571162700653076 0.028327912092208862 0.007760461885482073
0.722464919090271 0.7729597091674805 0.019395649433135986 0.01936119794845581 0.007412964943796396
0.8292227983474731 0.7304626703262329 0.018701374530792236 0.01709800958633423 0.007360019721090794
0.6224606037139893 0.9945343136787415 0.02320551872253418 0.01093137264251709 0.007338344119489193
0.7851437330245972 0.805042564868927 0.03926372528076172 0.0410541296005249 0.007324955891817808
0.6460977792739868 0.659393846988678 0.024583280086517334 0.02197086811065674 0.007237949408590794
0.7083245515823364 0.28057536482810974 0.028029441833496094 0.023170888423919678 0.007228718139231205
0.39227500557899475 0.7366268038749695 0.015491306781768799 0.014501571655273438 0.007149210199713707
0.8298578262329102 0.396692156791687 0.025502443313598633 0.021456629037857056 0.007105848751962185
0.6864942312240601 0.7405776977539062 0.04133814573287964 0.03709530830383301 0.007084161974489689
0.6976902484893799 0.28524982929229736 0.0372159481048584 0.03188002109527588 0.006918912287801504
0.4518362879753113 0.5620267391204834 0.027080923318862915 0.024301350116729736 0.006855030078440905
0.3239436149597168 0.3432598114013672 0.02632942795753479 0.028255850076675415 0.0065789553336799145
0.7316261529922485 0.7117670178413391 0.030953824520111084 0.026149749755859375 0.006568728480488062
0.8463451862335205 0.7637117505073547 0.03503531217575073 0.041524291038513184 0.00653153145685792
0.2909613847732544 0.7608650922775269 0.02259606122970581 0.020851612091064453 0.0063647557981312275
0.8123321533203125 0.43406492471694946 0.04238921403884888 0.035143375396728516 0.006085771601647139
0.6149892807006836 0.9276390075683594 0.019364535808563232 0.018671035766601562 0.006040357984602451
0.8241998553276062 0.66718590259552 0.025428175926208496 0.02872520685195923 0.005950561258941889
0.836959183216095 0.7641568183898926 0.0422588586807251 0.04209011793136597 0.005868425592780113
0.7187545895576477 0.8688701391220093 0.018987059593200684 0.017589569091796875 0.005856728181242943
0.345833420753479 0.2986032962799072 0.038767874240875244 0.03922158479690552 0.005686931312084198
0.3125903010368347 0.3408129811286926 0.030477911233901978 0.027872174978256226 0.005684656091034412
0.8138898015022278 0.6768687963485718 0.024369239807128906 0.023415565490722656 0.00567511236295104
0.5143365263938904 0.7576149702072144 0.015811920166015625 0.016822636127471924 0.005643184296786785
0.27438464760780334 0.3161269426345825 0.034604549407958984 0.0330558717250824 0.005572957918047905
0.3737529218196869 0.3035721182823181 0.03445225954055786 0.03934785723686218 0.005570730194449425
0.4651750326156616 0.39754197001457214 0.03109493851661682 0.03434699773788452 0.005411034915596247
0.8600635528564453 0.692304253578186 0.043230414390563965 0.033265113830566406 0.005054192151874304
0.8629080653190613 0.6113559007644653 0.04244840145111084 0.035633087158203125 0.005026617553085089
0.6497688293457031 0.741683304309845 0.026932239532470703 0.02515733242034912 0.004967448767274618
0.8307247161865234 0.7310578227043152 0.024478912353515625 0.0197981595993042 0.004719612188637257
0.8124485015869141 0.44598037004470825 0.032813429832458496 0.029943078756332397 0.004700787831097841
0.6710208654403687 0.8281022906303406 0.039702415466308594 0.03433382511138916 0.0046920147724449635
0.7194317579269409 0.7742232084274292 0.038446247577667236 0.030272483825683594 0.0046676588244736195
0.6896632313728333 0.296187162399292 0.030701637268066406 0.026496410369873047 0.004536165855824947
0.5581080913543701 0.6636149883270264 0.028208553791046143 0.02552396059036255 0.004389153327792883
0.678287148475647 0.7407243251800537 0.03781193494796753 0.03104037046432495 0.004353648982942104
0.610277533531189 0.34546077251434326 0.018432140350341797 0.016580194234848022 0.004293529316782951
0.46253395080566406 0.3961836099624634 0.04049837589263916 0.03469410538673401 0.004284174647182226
0.5021225214004517 0.7548223733901978 0.0265234112739563 0.02170354127883911 0.004223329480737448
0.4266681671142578 0.4514400064945221 0.025428414344787598 0.022533416748046875 0.004179877229034901
0.596717357635498 0.9868831634521484 0.021738290786743164 0.016074180603027344 0.004176334012299776
0.8284047842025757 0.6631838083267212 0.024494171142578125 0.02391737699508667 0.004158522002398968
0.5133551359176636 0.8854257464408875 0.033575624227523804 0.036136627197265625 0.0041145929135382175
0.6297237873077393 0.7976027727127075 0.040139973163604736 0.0303003191947937 0.004004043526947498
0.7332231998443604 0.6209688186645508 0.03580838441848755 0.029181718826293945 0.004003994166851044
0.2477889358997345 0.6939870119094849 0.02335996925830841 0.022708594799041748 0.003996395040303469
0.8256018161773682 0.506804347038269 0.019312679767608643 0.021310776472091675 0.003912145271897316
0.8403633236885071 0.6981770396232605 0.018966317176818848 0.025612473487854004 0.003793868236243725
0.8319674730300903 0.7301931381225586 0.03044527769088745 0.023335695266723633 0.0037378324195742607
0.8685117959976196 0.6905387043952942 0.03232002258300781 0.03501021862030029 0.0037331406492739916
0.8641045093536377 0.672716498374939 0.030059635639190674 0.02005690336227417 0.0037169926799833775
0.16271823644638062 0.6644831895828247 0.022473618388175964 0.021048545837402344 0.0037168425042182207
0.610938549041748 0.34577077627182007 0.02323305606842041 0.019367694854736328 0.0036527086049318314
0.6084194779396057 0.800957441329956 0.017887234687805176 0.016712963581085205 0.0036193581763654947
0.25522875785827637 0.695672869682312 0.026870831847190857 0.023714840412139893 0.0036001531407237053
0.3186466693878174 0.35598212480545044 0.03984004259109497 0.040470391511917114 0.00353285507299006
0.8129908442497253 0.6762810945510864 0.030382752418518066 0.02762812376022339 0.003522601444274187
0.7533777356147766 0.3116939663887024 0.032733917236328125 0.02452501654624939 0.0033976358827203512
0.817356288433075 0.3698938190937042 0.03212392330169678 0.030682861804962158 0.003365682903677225
0.590283989906311 0.3827887773513794 0.02957630157470703 0.024598509073257446 0.003364773001521826
0.4404316544532776 0.3480239808559418 0.04389449954032898 0.03844118118286133 0.0032908658031374216
0.822400689125061 0.3717781901359558 0.03516465425491333 0.02786901593208313 0.0032783818896859884
0.24902039766311646 0.6916725039482117 0.019254401326179504 0.022603988647460938 0.0032464233227074146
0.37341195344924927 0.29646843671798706 0.030866146087646484 0.03653526306152344 0.003181701758876443
0.8694467544555664 0.621256947517395 0.026404976844787598 0.024209976196289062 0.0031393736135214567
0.5428038835525513 0.6455514430999756 0.027504146099090576 0.02373528480529785 0.0031088590621948242
0.5455681085586548 0.6427075266838074 0.025136947631835938 0.02547740936279297 0.00310219987295568
0.7170572280883789 0.8691757321357727 0.021051406860351562 0.021461129188537598 0.0030476595275104046
0.5910212993621826 0.9587143063545227 0.03173762559890747 0.03296661376953125 0.0030302167870104313
0.8083337545394897 0.7684704065322876 0.03488922119140625 0.026319503784179688 0.0030079472344368696
0.7629814147949219 0.7475368976593018 0.02703261375427246 0.025465726852416992 0.0029728692024946213
0.2691154479980469 0.31581825017929077 0.031047046184539795 0.031307488679885864 0.0029422168154269457
0.3791465163230896 0.4817671775817871 0.037330836057662964 0.030881047248840332 0.0029368503019213676
0.42601972818374634 0.2593521177768707 0.022714346647262573 0.018727600574493408 0.002932572038844228
0.5493910312652588 0.6485836505889893 0.027953743934631348 0.025993168354034424 0.0028659687377512455
0.16482144594192505 0.4093419313430786 0.02872169017791748 0.027714639902114868 0.00284492876380682
0.28537631034851074 0.34035709500312805 0.023186564445495605 0.01955050230026245 0.002805496333166957
0.8737056255340576 0.6501948833465576 0.03988569974899292 0.036169230937957764 0.0027494125533849
0.28953877091407776 0.7299567461013794 0.01925867795944214 0.01643913984298706 0.0026990037877112627
0.5627573728561401 0.6699836254119873 0.029782474040985107 0.026434719562530518 0.002697052201256156
0.36436927318573 0.4174496531486511 0.03863042593002319 0.029240816831588745 0.00268995831720531
0.6369040012359619 0.7954790592193604 0.046704113483428955 0.02891850471496582 0.0026787910610437393
0.3896183371543884 0.36556458473205566 0.03163573145866394 0.03348129987716675 0.0026753053534775972
0.3968988060951233 0.36843663454055786 0.0299513041973114 0.03353127837181091 0.0026344063226133585
0.6057068109512329 0.7990356087684631 0.025162875652313232 0.019521594047546387 0.0026122673880308867
0.8323450088500977 0.9396359324455261 0.012318611145019531 0.012661337852478027 0.0025870464742183685
0.6160598993301392 0.9271386861801147 0.02510833740234375 0.025818049907684326 0.0025520871859043837
0.6751396656036377 0.7441880106925964 0.032836735248565674 0.038660407066345215 0.0025174578186124563
0.6549738645553589 0.3248673379421234 0.03476935625076294 0.03072279691696167 0.0024148584343492985
0.35166049003601074 0.38696199655532837 0.03820127248764038 0.03290244936943054 0.002368057379499078
0.8152173757553101 0.5353045463562012 0.030209362506866455 0.024819374084472656 0.0023444793187081814
0.6589372158050537 0.8804107904434204 0.03525620698928833 0.028992831707000732 0.0023389325942844152
0.6199340224266052 0.9926130771636963 0.021680712699890137 0.014773845672607422 0.0023273283150047064
0.33480104804039 0.7560044527053833 0.01330035924911499 0.014615476131439209 0.0023246484342962503
0.8592778444290161 0.6878922581672668 0.03815668821334839 0.03393590450286865 0.002322644228115678
0.6953099966049194 0.2896321415901184 0.03680419921875 0.032501548528671265 0.0023085931316018105
0.16495740413665771 0.4085680842399597 0.02978605031967163 0.02959325909614563 0.002184881828725338
0.4293662905693054 0.5040648579597473 0.050173014402389526 0.040846824645996094 0.002159298164770007
0.867117702960968 0.6152143478393555 0.03548622131347656 0.038594961166381836 0.002153391484171152
0.4301868677139282 0.44934892654418945 0.022780507802963257 0.02343881130218506 0.002144883619621396
0.28075864911079407 0.6963945627212524 0.0200994610786438 0.024636447429656982 0.0021423541475087404
0.5963069200515747 0.9897422790527344 0.016563355922698975 0.013337135314941406 0.002129604108631611
0.7524693012237549 0.5982707142829895 0.01645451784133911 0.01513063907623291 0.0021143266931176186
0.32257992029190063 0.6231529712677002 0.022382467985153198 0.018707096576690674 0.002083169063553214
0.8273516893386841 0.38742804527282715 0.038842976093292236 0.038892924785614014 0.0020292578265070915
0.4806259572505951 0.41122883558273315 0.020241081714630127 0.020487993955612183 0.002021051710471511
0.18058457970619202 0.7299319505691528 0.025813326239585876 0.025168895721435547 0.002013465389609337
0.27288389205932617 0.32182931900024414 0.03423848748207092 0.034236133098602295 0.002011512639001012
0.2938487231731415 0.33627453446388245 0.028644025325775146 0.030510902404785156 0.001980556407943368
0.22412380576133728 0.6270372271537781 0.015896692872047424 0.015739083290100098 0.0019344922620803118
0.46820729970932007 0.4022909700870514 0.034586161375045776 0.03854656219482422 0.0018796561053022742
0.3319457173347473 0.9161087274551392 0.02765655517578125 0.02478712797164917 0.0018733944743871689
0.27191489934921265 0.6966321468353271 0.020355969667434692 0.022446393966674805 0.0018369104946032166
0.42520108819007874 0.4128841757774353 0.026755988597869873 0.02717113494873047 0.0017846173141151667
0.5102450847625732 0.7567158937454224 0.022496402263641357 0.02150493860244751 0.0017808497650548816
0.41971293091773987 0.458343505859375 0.03601568937301636 0.02888810634613037 0.0017686438513919711
0.8197080492973328 0.669532299041748 0.04324471950531006 0.04149508476257324 0.0017163417069241405
0.8305460810661316 0.7364580035209656 0.036000847816467285 0.034623146057128906 0.0016995262121781707
0.4204689860343933 0.4154928922653198 0.02463647723197937 0.02358683943748474 0.0016989551950246096
0.7902119159698486 0.3286438584327698 0.019162356853485107 0.01754245162010193 0.0016636414220556617
0.916539192199707 0.8504709005355835 0.02389085292816162 0.023501574993133545 0.001637460314668715
0.4879458546638489 0.7492142915725708 0.02527761459350586 0.022415339946746826 0.0016373449470847845
0.9361839294433594 0.7940554618835449 0.019409894943237305 0.02643299102783203 0.0016216046642512083
0.24309515953063965 0.6367613673210144 0.01483859121799469 0.015376687049865723 0.0016000218456611037
0.8043252825737 0.3826484680175781 0.029080629348754883 0.02407059073448181 0.0015927295899018645
0.7062755823135376 0.28029853105545044 0.034733355045318604 0.028348833322525024 0.0015533091500401497
0.6503634452819824 0.3272438943386078 0.03651559352874756 0.03313499689102173 0.0015482826856896281
0.9070100784301758 0.29291823506355286 0.027555465698242188 0.024829566478729248 0.0015419715782627463
0.838858962059021 0.7033350467681885 0.022166788578033447 0.023436665534973145 0.001540300901979208
0.7402777671813965 0.7379151582717896 0.02749955654144287 0.022593200206756592 0.0015365603612735868
0.7086048126220703 0.4029085636138916 0.019047141075134277 0.017814934253692627 0.001516247633844614
0.40266165137290955 0.37709981203079224 0.035008251667022705 0.029132574796676636 0.0015011851210147142
0.4320169687271118 0.5128322243690491 0.04011574387550354 0.0416569709777832 0.001497825374826789
0.7575597763061523 0.605498731136322 0.019081473350524902 0.020121455192565918 0.0014901976101100445
0.26720595359802246 0.7765944004058838 0.016934514045715332 0.01733797788619995 0.0014591034268960357
0.39213621616363525 0.33697858452796936 0.02565249800682068 0.025149524211883545 0.0014520882396027446
0.8194886445999146 0.5374265313148499 0.023819386959075928 0.0217970609664917 0.0014453193871304393
0.5996686816215515 0.35266074538230896 0.01866436004638672 0.015644550323486328 0.0014316575834527612
0.803155243396759 0.39022213220596313 0.028684020042419434 0.02348831295967102 0.0013860097387805581
0.7490874528884888 0.7423752546310425 0.03463977575302124 0.025626718997955322 0.0013578468933701515
0.42871201038360596 0.5052267909049988 0.048572927713394165 0.04323408007621765 0.0013325168984010816
0.5759545564651489 0.6385648250579834 0.020845413208007812 0.020674526691436768 0.0013170469319447875
0.7986971139907837 0.7921803593635559 0.04440945386886597 0.03744316101074219 0.0013075467431917787
0.49099454283714294 0.7510627508163452 0.028823673725128174 0.02559608221054077 0.0013001862680539489
0.5760290622711182 0.63853919506073 0.020736873149871826 0.020059585571289062 0.0012922948226332664
0.9193695783615112 0.8492286801338196 0.024563372135162354 0.027614593505859375 0.0012642202200368047
0.5868907570838928 0.38090914487838745 0.037539124488830566 0.031788021326065063 0.0012607949320226908
0.38675618171691895 0.43647146224975586 0.017503559589385986 0.017571449279785156 0.0012535457499325275
0.8495407104492188 0.7605006694793701 0.04409635066986084 0.04343682527542114 0.0012514175614342093
0.6084157228469849 0.3481992185115814 0.026904404163360596 0.022644340991973877 0.0012324209092184901
0.1523265391588211 0.526646077632904 0.024971693754196167 0.021009087562561035 0.001222817343659699
0.43858423829078674 0.4217984676361084 0.01656341552734375 0.017084896564483643 0.0012189801782369614
0.35376888513565063 0.376511812210083 0.03266790509223938 0.02517688274383545 0.001208819099701941
0.412418007850647 0.460010826587677 0.026798158884048462 0.021764367818832397 0.001208400004543364
0.5815804600715637 0.3789283335208893 0.03837740421295166 0.030516445636749268 0.001190961105749011
0.6299530267715454 0.7899825572967529 0.03638648986816406 0.03717726469039917 0.0011904070852324367
0.10491512715816498 0.6818227767944336 0.02365560084581375 0.021458745002746582 0.001172486343421042
0.28289684653282166 0.3218678832054138 0.048438847064971924 0.04164266586303711 0.0011722673662006855
0.6507680416107178 0.6594586372375488 0.030863940715789795 0.02527451515197754 0.0011720758629962802
0.7664369344711304 0.7475119829177856 0.04263705015182495 0.03628349304199219 0.001148366485722363
0.26314449310302734 0.7470794916152954 0.020687490701675415 0.02180856466293335 0.001126318471506238
