x y width height conf
0.2535889744758606 0.4654480814933777 0.014685168862342834 0.01700422167778015 0.445983350276947
0.7648943662643433 0.141078919172287 0.026646554470062256 0.024381980299949646 0.4429742693901062
0.49117934703826904 0.2427385300397873 0.017696350812911987 0.015526920557022095 0.38813742995262146
0.8166948556900024 0.1944752335548401 0.0202673077583313 0.022101595997810364 0.3617011308670044
0.670454740524292 0.19322994351387024 0.02266615629196167 0.020523175597190857 0.35613319277763367
0.747012734413147 0.8262079358100891 0.01541370153427124 0.014804482460021973 0.3470528721809387
0.46690797805786133 0.789273738861084 0.026901423931121826 0.025431036949157715 0.31709709763526917
0.42111241817474365 0.9069093465805054 0.020773321390151978 0.020544052124023438 0.30208075046539307
0.7498058080673218 0.6882003545761108 0.020498812198638916 0.021101176738739014 0.2898638844490051
0.3919289708137512 0.6695297956466675 0.013488024473190308 0.012319087982177734 0.2867182493209839
0.11455066502094269 0.8802530765533447 0.014223508536815643 0.013547718524932861 0.2801818549633026
0.4829426407814026 0.6513360738754272 0.020959287881851196 0.01977020502090454 0.26087719202041626
0.5997351408004761 0.7645490169525146 0.02230691909790039 0.022318661212921143 0.25405171513557434
0.4916488528251648 0.699999213218689 0.02095317840576172 0.020801544189453125 0.2492469698190689
0.42086225748062134 0.9076361656188965 0.02565869688987732 0.024117112159729004 0.24427716434001923
0.7669022083282471 0.7775188684463501 0.014002501964569092 0.01382380723953247 0.23542940616607666
0.6174831390380859 0.8329063653945923 0.015614688396453857 0.014387905597686768 0.228561669588089
0.5311301946640015 0.843422532081604 0.014007031917572021 0.01339954137802124 0.22472555935382843
0.528080940246582 0.7526968717575073 0.02075791358947754 0.02029132843017578 0.22061264514923096
0.600502610206604 0.7632880806922913 0.02570289373397827 0.027843832969665527 0.18355266749858856
0.6708098649978638 0.19324250519275665 0.026935577392578125 0.022542953491210938 0.17657756805419922
0.815463662147522 0.19445441663265228 0.024038851261138916 0.026655226945877075 0.1649870127439499
0.5307199358940125 0.8436743021011353 0.01896989345550537 0.018421173095703125 0.1524173468351364
0.3811483383178711 0.8887919187545776 0.02509555220603943 0.025638580322265625 0.15239419043064117
0.49064716696739197 0.6998150944709778 0.0253487229347229 0.024626731872558594 0.1437998265028
0.49040305614471436 0.24302613735198975 0.02264651656150818 0.01972140371799469 0.14227105677127838
0.5273518562316895 0.7533437013626099 0.024631500244140625 0.02450317144393921 0.13973629474639893
0.5483732223510742 0.6408606171607971 0.03474617004394531 0.02731001377105713 0.1379610300064087
0.7312021851539612 0.22346949577331543 0.0259019136428833 0.024874389171600342 0.1292721927165985
0.5279662609100342 0.752328097820282 0.02330648899078369 0.02344799041748047 0.12277422845363617
0.06519047170877457 0.9557769894599915 0.01291985809803009 0.012061715126037598 0.12218556553125381
0.48151856660842896 0.6515117883682251 0.025730878114700317 0.025971829891204834 0.10873544216156006
0.730318009853363 0.22414761781692505 0.03217661380767822 0.029152914881706238 0.10721125453710556
0.824876070022583 0.2990233898162842 0.019473254680633545 0.01873961091041565 0.10599789023399353
0.3661278188228607 0.7166228294372559 0.024129867553710938 0.024773240089416504 0.10575427114963531
0.11430725455284119 0.8801120519638062 0.01916227489709854 0.01794487237930298 0.10571571439504623
0.4679029583930969 0.7893613576889038 0.033485203981399536 0.02991694211959839 0.10356839001178741
0.5467658042907715 0.6417821049690247 0.0330737829208374 0.026347756385803223 0.09686260670423508
0.6921156048774719 0.6807742714881897 0.019684791564941406 0.019176125526428223 0.0869772806763649
0.6705887317657471 0.19259634613990784 0.027684390544891357 0.02596701681613922 0.08653918653726578
0.7781389951705933 0.08888159692287445 0.020202815532684326 0.018983982503414154 0.0861392542719841
0.7661845088005066 0.14059972763061523 0.03585517406463623 0.030630767345428467 0.07861384749412537
0.7099605202674866 0.20264331996440887 0.017794013023376465 0.015953540802001953 0.07410700619220734
0.5066924095153809 0.8496021032333374 0.015312552452087402 0.01604992151260376 0.07308618724346161
0.8648141026496887 0.4465269446372986 0.014249801635742188 0.015023022890090942 0.07021793723106384
0.5400210618972778 0.6725778579711914 0.027807414531707764 0.024140357971191406 0.0691259354352951
0.7513402700424194 0.6878724098205566 0.02665233612060547 0.025786101818084717 0.06784800440073013
0.8412628173828125 0.15553990006446838 0.01830601692199707 0.016615524888038635 0.06687895208597183
0.3390920162200928 0.8295027613639832 0.03691816329956055 0.03281211853027344 0.06664819270372391
0.7782671451568604 0.08971172571182251 0.02546060085296631 0.023292817175388336 0.0637172982096672
0.7477169036865234 0.8264904022216797 0.019829511642456055 0.018105745315551758 0.06299469619989395
0.5489985942840576 0.6443442106246948 0.042127132415771484 0.037319183349609375 0.060931675136089325
0.7668167352676392 0.777367889881134 0.019823074340820312 0.019843697547912598 0.05942358449101448
0.491906076669693 0.4069907069206238 0.017199695110321045 0.01750016212463379 0.05933433771133423
0.6742331981658936 0.8951789140701294 0.015464961528778076 0.015194356441497803 0.05829930678009987
0.5113167762756348 0.6438429355621338 0.017662227153778076 0.019044578075408936 0.049732353538274765
0.3926107883453369 0.6694152355194092 0.017578601837158203 0.016505956649780273 0.04882262274622917
0.6920866966247559 0.6799684166908264 0.023752033710479736 0.02344667911529541 0.048113614320755005
0.5584160089492798 0.7404496669769287 0.02469116449356079 0.0216180682182312 0.04566588252782822
0.5147562026977539 0.5465199947357178 0.023556947708129883 0.02406132221221924 0.04485223442316055
0.06541004031896591 0.9565385580062866 0.015874028205871582 0.015765011310577393 0.03873646259307861
0.36223554611206055 0.7191735506057739 0.022994667291641235 0.02354675531387329 0.03869229182600975
0.5623159408569336 0.7381749749183655 0.029025256633758545 0.0268479585647583 0.037901606410741806
0.6056660413742065 0.1820959746837616 0.02626115083694458 0.020434662699699402 0.035016123205423355
0.5564034581184387 0.40669840574264526 0.02075481414794922 0.018513768911361694 0.03418171778321266
0.5647915601730347 0.7361598014831543 0.023785650730133057 0.021938681602478027 0.03381713479757309
0.42054328322410583 0.9061931371688843 0.027254879474639893 0.027497470378875732 0.033792294561862946
0.4930373728275299 0.40776002407073975 0.022624194622039795 0.021339505910873413 0.03311343491077423
0.5561290979385376 0.40611061453819275 0.023366928100585938 0.021067917346954346 0.03229857608675957
0.5421298146247864 0.0945967584848404 0.02653944492340088 0.026004962623119354 0.030910557135939598
0.7181013822555542 0.14199891686439514 0.020411312580108643 0.01966238021850586 0.030729511752724648
0.7905959486961365 0.2489476203918457 0.02935934066772461 0.026793479919433594 0.030658962205052376
0.711419939994812 0.20240740478038788 0.01879364252090454 0.016170352697372437 0.03032887540757656
0.518281102180481 0.6034665107727051 0.019095242023468018 0.018050789833068848 0.029040509834885597
0.6162638068199158 0.833126425743103 0.02315235137939453 0.019944369792938232 0.028855549171566963
0.5103774070739746 0.7129215002059937 0.015509605407714844 0.014393270015716553 0.028667191043496132
0.3884844183921814 0.6929197311401367 0.014210700988769531 0.012684047222137451 0.028466084972023964
0.4498017728328705 0.6585322618484497 0.01890343427658081 0.017974853515625 0.026838066056370735
0.8613318204879761 0.4428282678127289 0.017930984497070312 0.01840609312057495 0.02680077962577343
0.49164170026779175 0.24473361670970917 0.025980353355407715 0.025991708040237427 0.02591235190629959
0.527891993522644 0.7548090219497681 0.0293426513671875 0.03116607666015625 0.02572554349899292
0.7105849981307983 0.20215150713920593 0.021837055683135986 0.019542410969734192 0.02493905834853649
0.4228307604789734 0.9075690507888794 0.033058732748031616 0.028695523738861084 0.024722937494516373
0.5140461921691895 0.5446445345878601 0.01966404914855957 0.01818978786468506 0.024266261607408524
0.13874408602714539 0.8629897236824036 0.019305571913719177 0.018141746520996094 0.02381150983273983
0.8394111394882202 0.15462355315685272 0.024898946285247803 0.02158328890800476 0.02278105542063713
0.7659392356872559 0.7775191068649292 0.021722793579101562 0.019130408763885498 0.022396784275770187
0.864335298538208 0.539678692817688 0.012709438800811768 0.012558937072753906 0.021841561421751976
0.4214462339878082 0.6050894856452942 0.016316592693328857 0.016994833946228027 0.021231738850474358
0.8800239562988281 0.37621766328811646 0.022068262100219727 0.03157186508178711 0.02119589038193226
0.533963143825531 0.748668909072876 0.035465240478515625 0.028094112873077393 0.020788827911019325
0.2523554861545563 0.4651280641555786 0.01929725706577301 0.020363420248031616 0.020344609394669533
0.1396312713623047 0.8619121313095093 0.014722675085067749 0.014840304851531982 0.020083900541067123
0.5509296655654907 0.6431009769439697 0.04746001958847046 0.029001057147979736 0.019860602915287018
0.3659380078315735 0.7174012660980225 0.028645604848861694 0.029961109161376953 0.018634572625160217
0.5091991424560547 0.7955157160758972 0.016133487224578857 0.014960646629333496 0.01793762668967247
0.8618882894515991 0.44421014189720154 0.018296658992767334 0.019172191619873047 0.017749330028891563
0.4944228231906891 0.7020339965820312 0.035417020320892334 0.026962876319885254 0.017718737944960594
0.1688573658466339 0.7968167066574097 0.016227111220359802 0.019188225269317627 0.01705888845026493
0.6029486656188965 0.7536594867706299 0.024439096450805664 0.025079011917114258 0.015712201595306396
0.7925992012023926 0.24957436323165894 0.03222155570983887 0.027926430106163025 0.015306749381124973
0.5877224206924438 0.44210749864578247 0.01721477508544922 0.016251951456069946 0.015029112808406353
0.7105218172073364 0.205646350979805 0.02565234899520874 0.02506566047668457 0.014888337813317776
0.8270969390869141 0.27066242694854736 0.013890504837036133 0.013245582580566406 0.014795607887208462
0.7049015164375305 0.20316609740257263 0.026567816734313965 0.021789073944091797 0.014586498960852623
0.5747839212417603 0.6754096746444702 0.021100103855133057 0.018002033233642578 0.013800788670778275
0.34066659212112427 0.8321027755737305 0.04658842086791992 0.0346752405166626 0.013636169023811817
0.5324913263320923 0.22962364554405212 0.025391995906829834 0.023408517241477966 0.01352992095053196
0.5184571743011475 0.6025359034538269 0.022764384746551514 0.026159286499023438 0.013519372791051865
0.559496283531189 0.40557733178138733 0.02851766347885132 0.021005332469940186 0.013081258162856102
0.7825765609741211 0.08764496445655823 0.031006217002868652 0.023941732943058014 0.013055735267698765
0.5760917067527771 0.4052676558494568 0.016292929649353027 0.018176645040512085 0.012888384982943535
0.7363460063934326 0.918837308883667 0.013809025287628174 0.012364566326141357 0.012508091516792774
0.844124436378479 0.1918797791004181 0.020290374755859375 0.023444220423698425 0.012090625241398811
0.5307676792144775 0.8427087664604187 0.02288687229156494 0.02514493465423584 0.012065937742590904
0.8413374423980713 0.19365935027599335 0.020892322063446045 0.027598470449447632 0.011942201294004917
0.38731372356414795 0.6927187442779541 0.014541059732437134 0.012857139110565186 0.011679197661578655
0.38124895095825195 0.8919954299926758 0.030894458293914795 0.032671570777893066 0.011627945117652416
0.4496184289455414 0.9407628774642944 0.020380020141601562 0.020134389400482178 0.011438599787652493
0.7332812547683716 0.2215539813041687 0.035907089710235596 0.035399869084358215 0.010911818593740463
0.2794196903705597 0.688971996307373 0.012979567050933838 0.014507055282592773 0.010863225907087326
0.6195790767669678 0.8331402540206909 0.0261419415473938 0.02202606201171875 0.010561805218458176
0.6018168330192566 0.7574362754821777 0.027778029441833496 0.03210294246673584 0.010482066310942173
0.542938232421875 0.09619489312171936 0.03408181667327881 0.031605981290340424 0.010405578650534153
0.4686533808708191 0.7913565635681152 0.04199865460395813 0.034781813621520996 0.010342355817556381
0.6349011063575745 0.5958724021911621 0.015990138053894043 0.015064418315887451 0.009972340427339077
0.8189754486083984 0.1938968449831009 0.030114412307739258 0.03152012825012207 0.009965168312191963
0.5884559154510498 0.6939330101013184 0.016168951988220215 0.014651060104370117 0.009926661849021912
0.7180968523025513 0.1412777304649353 0.025473415851593018 0.024158909916877747 0.009881977923214436
0.6056143045425415 0.1832386553287506 0.030661046504974365 0.02557314932346344 0.009796888567507267
0.11441175639629364 0.8818968534469604 0.022898197174072266 0.026140987873077393 0.009393410757184029
0.39467015862464905 0.920455813407898 0.018351733684539795 0.017134666442871094 0.009224005043506622
0.7608198523521423 0.14032946527004242 0.044492363929748535 0.04110100120306015 0.009043107740581036
0.5555248260498047 0.7410999536514282 0.0330883264541626 0.028132259845733643 0.008141675963997841
0.5685650110244751 0.16237464547157288 0.019646644592285156 0.01889003813266754 0.007995502091944218
0.7193760871887207 0.8727926015853882 0.014059662818908691 0.012548446655273438 0.007973343133926392
0.746789813041687 0.8268499374389648 0.02213352918624878 0.023676633834838867 0.007922995835542679
0.5878608822822571 0.6933110952377319 0.01731550693511963 0.015285491943359375 0.007767522241920233
0.6743077039718628 0.8975293636322021 0.019613683223724365 0.021071255207061768 0.007729428354650736
0.5549064874649048 0.40650805830955505 0.02738475799560547 0.02244967222213745 0.007632708642631769
0.5343587398529053 0.23034092783927917 0.020425021648406982 0.018864288926124573 0.007542196195572615
0.06486818939447403 0.9561796188354492 0.019810274243354797 0.017760038375854492 0.00745230820029974
0.539794921875 0.2662869095802307 0.02155590057373047 0.019512861967086792 0.007448739837855101
0.858379602432251 0.4399603605270386 0.019177615642547607 0.022193342447280884 0.007440230809152126
0.8651588559150696 0.44660767912864685 0.01856386661529541 0.022100746631622314 0.007407651282846928
0.5748612880706787 0.6753710508346558 0.02026832103729248 0.01751917600631714 0.007281276863068342
0.11482588201761246 0.879336953163147 0.022001728415489197 0.023680150508880615 0.007280636113137007
0.5685724020004272 0.7333608865737915 0.03249406814575195 0.027157604694366455 0.007245868910104036
0.6283833384513855 0.1831226646900177 0.024106383323669434 0.01945526897907257 0.0070670065470039845
0.8262208700180054 0.3004834055900574 0.02845996618270874 0.026940196752548218 0.007053912151604891
0.5174036026000977 0.32457461953163147 0.015057742595672607 0.014385879039764404 0.006970442831516266
0.44855672121047974 0.6595295071601868 0.02363625168800354 0.024772167205810547 0.0068369582295417786
0.5659067630767822 0.7355550527572632 0.03911668062210083 0.032460689544677734 0.006754324305802584
0.7180604934692383 0.9830010533332825 0.010768115520477295 0.010408759117126465 0.006409664638340473
0.06189822405576706 0.5106837749481201 0.00857093557715416 0.009091675281524658 0.00635668495669961
0.5135117769241333 0.5503584742546082 0.02901822328567505 0.030893325805664062 0.0062006572261452675
0.7769671678543091 0.09034927189350128 0.03316003084182739 0.028360091149806976 0.00619519455358386
0.46735936403274536 0.9256746172904968 0.018169015645980835 0.017788290977478027 0.00588283920660615
0.41797322034835815 0.9054654836654663 0.029746443033218384 0.029400289058685303 0.005776682402938604
0.8265644311904907 0.27062541246414185 0.018505632877349854 0.01719704270362854 0.005708304699510336
0.4480200707912445 0.6602568030357361 0.02272111177444458 0.023136496543884277 0.005659393034875393
0.5809304118156433 0.8721498250961304 0.020284175872802734 0.019453823566436768 0.005460613407194614
0.6006519794464111 0.766657829284668 0.029874026775360107 0.032737135887145996 0.005459360312670469
0.4929659962654114 0.2422960102558136 0.03200972080230713 0.027411118149757385 0.005441880784928799
0.7165770530700684 0.6733971834182739 0.015663862228393555 0.01477670669555664 0.005352003499865532
0.5292249321937561 0.7502478361129761 0.032210707664489746 0.032193005084991455 0.0053161876276135445
0.5105660557746887 0.6457116603851318 0.024954229593276978 0.02679663896560669 0.005230744369328022
0.8405024409294128 0.15371614694595337 0.029053330421447754 0.027349188923835754 0.0052103023044764996
0.8644663095474243 0.5383623838424683 0.01510542631149292 0.015771329402923584 0.005198237486183643
0.8130794763565063 0.715721845626831 0.012002170085906982 0.011513590812683105 0.005058472044765949
0.5484839677810669 0.34182995557785034 0.01638716459274292 0.015108495950698853 0.005052876193076372
0.5086861848831177 0.795647919178009 0.019845545291900635 0.020526528358459473 0.004982690792530775
0.5888631343841553 0.8804525136947632 0.01598721742630005 0.016031086444854736 0.0049765948206186295
0.7266559600830078 0.22778885066509247 0.03734278678894043 0.03155741095542908 0.0049644941464066505
0.6254252195358276 0.7195926904678345 0.016562461853027344 0.016329944133758545 0.004934937693178654
0.48033657670021057 0.45539790391921997 0.019175350666046143 0.01681014895439148 0.004852662328630686
0.5124650001525879 0.7120403051376343 0.017190217971801758 0.01732349395751953 0.004768478684127331
0.4190535545349121 0.7534233331680298 0.011391282081604004 0.011607587337493896 0.004413864575326443
0.45412737131118774 0.9374085664749146 0.02557888627052307 0.02500230073928833 0.0043415492400527
0.8320611119270325 0.679290771484375 0.013537764549255371 0.014166593551635742 0.004244212061166763
0.35511237382888794 0.8817408084869385 0.016931742429733276 0.017251789569854736 0.004175822250545025
0.5865787267684937 0.4418768882751465 0.02579289674758911 0.02355670928955078 0.004132460802793503
0.42079246044158936 0.6065635681152344 0.02063235640525818 0.02063918113708496 0.004039186052978039
0.6070603132247925 0.17992925643920898 0.036280810832977295 0.02543020248413086 0.0040374696254730225
0.6393094062805176 0.9058409929275513 0.015236496925354004 0.0147705078125 0.004000652581453323
0.47947922348976135 0.6530010104179382 0.03468531370162964 0.037015557289123535 0.003949060570448637
0.4205327033996582 0.6105281114578247 0.01631796360015869 0.020654618740081787 0.0038570999167859554
0.7866023778915405 0.24886944890022278 0.040132105350494385 0.03419739007949829 0.003821567166596651
0.5845383405685425 0.8768259286880493 0.02283698320388794 0.02395707368850708 0.0037893292028456926
0.4222755432128906 0.6057524681091309 0.02059042453765869 0.020106911659240723 0.003785423468798399
0.5446838140487671 0.6591497659683228 0.045523107051849365 0.04085063934326172 0.003764669643715024
0.07159265875816345 0.44647154211997986 0.009690545499324799 0.009091854095458984 0.003745144931599498
0.43910789489746094 0.38958173990249634 0.0161016583442688 0.02021196484565735 0.0037396778352558613
0.20135267078876495 0.5069097280502319 0.011722415685653687 0.010817348957061768 0.003632662817835808
0.8218047618865967 0.2990097403526306 0.03541833162307739 0.030066102743148804 0.0035925409756600857
0.6025764346122742 0.7630014419555664 0.03573787212371826 0.033604979515075684 0.0035877900663763285
0.534037709236145 0.22667962312698364 0.022596657276153564 0.021515652537345886 0.0035443890374153852
0.5391741991043091 0.26561084389686584 0.026539266109466553 0.024510562419891357 0.00343302171677351
0.8463815450668335 0.6639595031738281 0.011932373046875 0.011837244033813477 0.003385270945727825
0.7340052127838135 0.226559579372406 0.039972543716430664 0.040628477931022644 0.0033312295563519
0.45706215500831604 0.34270644187927246 0.014541447162628174 0.015411555767059326 0.0032969319727271795
0.7204992771148682 0.13999755680561066 0.029937922954559326 0.030043698847293854 0.003240620717406273
0.5541002750396729 0.28827333450317383 0.027824223041534424 0.025214344263076782 0.0030943015590310097
0.8333276510238647 0.6289070844650269 0.013606071472167969 0.013527452945709229 0.003089612815529108
0.8095937967300415 0.6779266595840454 0.01117706298828125 0.010271072387695312 0.003080143826082349
0.5147266387939453 0.5438557863235474 0.02876359224319458 0.028698742389678955 0.003048929153010249
0.3909144997596741 0.6714062690734863 0.021076470613479614 0.022980034351348877 0.003042493248358369
0.7191454172134399 0.6754765510559082 0.01916104555130005 0.018874943256378174 0.0029806671664118767
0.5692441463470459 0.40529945492744446 0.034414470195770264 0.029047787189483643 0.0029378330800682306
0.48618820309638977 0.6558524370193481 0.03540533781051636 0.03276330232620239 0.002898026257753372
0.5996831059455872 0.17278248071670532 0.04614841938018799 0.03332872688770294 0.002803719835355878
0.28039103746414185 0.6878732442855835 0.016518115997314453 0.015235722064971924 0.002695939037948847
0.7627588510513306 0.05727413296699524 0.014872133731842041 0.013776276260614395 0.002676852745935321
0.35226693749427795 0.9947510957717896 0.017250120639801025 0.010497868061065674 0.002588575007393956
0.152988001704216 0.4297795295715332 0.009973853826522827 0.009425759315490723 0.002544940449297428
0.5474511981010437 0.28116297721862793 0.0267333984375 0.023448944091796875 0.002523214090615511
0.5568838119506836 0.29523900151252747 0.023761987686157227 0.020872294902801514 0.002502851188182831
0.45839032530784607 0.6560498476028442 0.03161889314651489 0.02696162462234497 0.0024510088842362165
0.26016998291015625 0.9355373382568359 0.014540016651153564 0.01321566104888916 0.0024229635018855333
0.4785733222961426 0.45457589626312256 0.025171399116516113 0.022375494241714478 0.0024042250588536263
0.6289807558059692 0.7255815267562866 0.01798337697982788 0.018714845180511475 0.0023993190843611956
0.5322355031967163 0.22916679084300995 0.031561434268951416 0.025695890188217163 0.0023906093556433916
0.3753572702407837 0.8873350024223328 0.03834208846092224 0.03425157070159912 0.0023749107494950294
0.5383957028388977 0.6743471622467041 0.032001495361328125 0.03138476610183716 0.002354636089876294
0.6038916110992432 0.15246659517288208 0.039152324199676514 0.022271230816841125 0.002347887959331274
0.6146707534790039 0.8207947611808777 0.019196271896362305 0.01694166660308838 0.0023375144228339195
0.7461330890655518 0.8493169546127319 0.01388084888458252 0.013896942138671875 0.0023220886941999197
0.5810379981994629 0.4049605429172516 0.0238153338432312 0.022395670413970947 0.002316853730008006
0.8454587459564209 0.15634749829769135 0.030696094036102295 0.02295076847076416 0.0023107335437089205
0.6402879953384399 0.6689791083335876 0.024656713008880615 0.03419482707977295 0.0023080792743712664
0.49054527282714844 0.6960649490356445 0.03205183148384094 0.034094810485839844 0.00229816441424191
0.6450484991073608 0.220130056142807 0.017242729663848877 0.01460246741771698 0.0022425169590860605
0.34952980279922485 0.8331022262573242 0.03557872772216797 0.03392946720123291 0.0022111465223133564
0.6363606452941895 0.11868736147880554 0.02453768253326416 0.023613594472408295 0.002185988239943981
0.5789186358451843 0.873155415058136 0.025728225708007812 0.024015426635742188 0.002172703156247735
0.5573337078094482 0.5009406208992004 0.019942104816436768 0.019352704286575317 0.002162937307730317
0.5716765522956848 0.1595478504896164 0.02869570255279541 0.02805766463279724 0.0021156289149075747
0.47984743118286133 0.4551877975463867 0.022005677223205566 0.020385563373565674 0.0021100633312016726
0.09464175999164581 0.4541245102882385 0.008041821420192719 0.00823715329170227 0.0020943565759807825
0.641635537147522 0.31659454107284546 0.01834505796432495 0.015234202146530151 0.0020939859095960855
0.8833253383636475 0.6557201743125916 0.009631335735321045 0.009282708168029785 0.0020838710479438305
0.3488215208053589 0.8349329233169556 0.04940551519393921 0.03275340795516968 0.002081166720017791
0.5616806149482727 0.4076111316680908 0.0353008508682251 0.028347373008728027 0.002061256906017661
0.6380029916763306 0.12036053836345673 0.032555997371673584 0.03138571232557297 0.0020437720231711864
0.4963040351867676 0.40448594093322754 0.028775811195373535 0.0283624529838562 0.001961085479706526
0.8604923486709595 0.4420499801635742 0.02533489465713501 0.027494728565216064 0.001952720689587295
0.6775992512702942 0.19552545249462128 0.038488030433654785 0.027055412530899048 0.0019352225353941321
0.6346888542175293 0.905379056930542 0.017496109008789062 0.014548122882843018 0.001917970017530024
0.48916691541671753 0.6138612031936646 0.027734965085983276 0.028156816959381104 0.0019096042960882187
0.2150670289993286 0.3863414525985718 0.009529590606689453 0.00878298282623291 0.0018937583081424236
0.5816212892532349 0.6874169707298279 0.03279381990432739 0.026171088218688965 0.0018665227107703686
0.5574554204940796 0.2952107787132263 0.029386699199676514 0.027297228574752808 0.0018203103682026267
0.7245699167251587 0.2237999439239502 0.045761287212371826 0.040176570415496826 0.001815665396861732
0.6120152473449707 0.8184957504272461 0.01510697603225708 0.01717376708984375 0.0018152757547795773
0.39501523971557617 0.9195129871368408 0.025762438774108887 0.023608028888702393 0.0018036187393590808
0.5040289163589478 0.8499290943145752 0.023952871561050415 0.021544277667999268 0.001765406341291964
0.6399456262588501 0.6598398089408875 0.019541919231414795 0.01883411407470703 0.0017477599903941154
0.5252442359924316 0.7535751461982727 0.042198896408081055 0.03180408477783203 0.0017444894183427095
0.39417749643325806 0.669660747051239 0.027329057455062866 0.02132129669189453 0.0017308876849710941
0.7749665975570679 0.598373293876648 0.018441200256347656 0.017819464206695557 0.0017296432051807642
0.5208883881568909 0.6024174690246582 0.032024383544921875 0.028334617614746094 0.0017193714156746864
0.6397829055786133 0.7160818576812744 0.013197183609008789 0.015545070171356201 0.0017112274654209614
0.08918198943138123 0.4625660181045532 0.00832376629114151 0.0069908201694488525 0.0016958717023953795
0.1900537610054016 0.7142826318740845 0.010423928499221802 0.010133206844329834 0.0016917194006964564
0.7360929250717163 0.995750904083252 0.01576441526412964 0.008498191833496094 0.0016832294641062617
0.6121630668640137 0.8170478940010071 0.016208767890930176 0.011906027793884277 0.0016794099938124418
0.7188692092895508 0.21253612637519836 0.0412752628326416 0.03950585424900055 0.00164646259509027
0.7688634991645813 0.7778885364532471 0.026890158653259277 0.02119624614715576 0.0016445559449493885
0.41693633794784546 0.3885101079940796 0.01702556014060974 0.02210560441017151 0.001629380276426673
0.5656256675720215 0.26200586557388306 0.02104628086090088 0.017794400453567505 0.0016254243673756719
0.35150328278541565 0.9936071634292603 0.024003684520721436 0.012714803218841553 0.001623211894184351
0.813097357749939 0.7150341868400574 0.01612931489944458 0.014155268669128418 0.0016090308781713247
0.6073277592658997 0.1518259346485138 0.041295647621154785 0.023254111409187317 0.0015994262648746371
0.7155289649963379 0.1434081494808197 0.032761216163635254 0.02997736632823944 0.0015929329674690962
0.8465268015861511 0.662251353263855 0.013776183128356934 0.013488233089447021 0.0015538905281573534
0.6679511666297913 0.19833004474639893 0.035035133361816406 0.035840824246406555 0.0015288915019482374
0.6732429265975952 0.327322781085968 0.028655588626861572 0.024555712938308716 0.0015287159476429224
0.5772839784622192 0.6903660893440247 0.028133809566497803 0.020828843116760254 0.0015286373673006892
0.5602468252182007 0.7404168248176575 0.035597026348114014 0.03859424591064453 0.001524979481473565
0.5184886455535889 0.8472379446029663 0.029882431030273438 0.026464462280273438 0.0015086526982486248
0.5403963327407837 0.9458012580871582 0.01888936758041382 0.018224000930786133 0.0014690735843032598
0.39038360118865967 0.6744968891143799 0.023737192153930664 0.02265721559524536 0.0014673775294795632
0.5140918493270874 0.6590744853019714 0.02767723798751831 0.03176295757293701 0.001464507426135242
0.4630163908004761 0.7894864082336426 0.04279080033302307 0.033251047134399414 0.0014640563167631626
0.6332648992538452 0.18416130542755127 0.024905025959014893 0.02481633424758911 0.0014563236618414521
0.5553662180900574 0.6480659246444702 0.04777109622955322 0.0359686017036438 0.0014393616002053022
0.5660132169723511 0.263031542301178 0.02222055196762085 0.018113762140274048 0.0014321294147521257
0.5747891664505005 0.9531461596488953 0.034780681133270264 0.02844393253326416 0.0014246200444176793
0.746310830116272 0.8512541055679321 0.012354552745819092 0.01262587308883667 0.001423281035386026
0.6389711499214172 0.6622108221054077 0.023151040077209473 0.024543344974517822 0.0014140172861516476
0.5563408136367798 0.29902705550193787 0.02600175142288208 0.0258600115776062 0.0014002221869304776
0.5345574617385864 0.23343902826309204 0.027226626873016357 0.025356963276863098 0.0013963563833385706
0.6436957120895386 0.3870002031326294 0.020696580410003662 0.018901437520980835 0.0013941135257482529
0.48073476552963257 0.3226298689842224 0.02091619372367859 0.020830631256103516 0.0013612548355013132
0.6749931573867798 0.3253443241119385 0.025899112224578857 0.019457727670669556 0.0013572475872933865
0.6220278739929199 0.18272370100021362 0.04062497615814209 0.02816005051136017 0.0013466790551319718
0.3139006495475769 0.9015852212905884 0.015343993902206421 0.015185177326202393 0.0013357735006138682
0.7462561130523682 0.6881054639816284 0.03426569700241089 0.029582440853118896 0.0013165088603273034
0.559950053691864 0.26466143131256104 0.02545797824859619 0.021730512380599976 0.0012980735627934337
0.6244364976882935 0.4290367066860199 0.01922553777694702 0.016934216022491455 0.0012801545672118664
