x y width height conf
0.7571238279342651 0.7192730903625488 0.02991008758544922 0.029916107654571533 0.5938448309898376
0.8196779489517212 0.7672075033187866 0.030752182006835938 0.03251248598098755 0.5296596884727478
0.8499765396118164 0.7773277759552002 0.026995420455932617 0.03273665904998779 0.5215649008750916
0.814552903175354 0.6035157442092896 0.024727284908294678 0.024258315563201904 0.46546104550361633
0.7911000847816467 0.751075267791748 0.022183895111083984 0.02335047721862793 0.4626449644565582
0.7364950180053711 0.7846499681472778 0.025361180305480957 0.023864805698394775 0.43713754415512085
0.7820478677749634 0.6547679901123047 0.023797810077667236 0.022909462451934814 0.3841545581817627
0.8169728517532349 0.4085209369659424 0.02726823091506958 0.026366353034973145 0.3841283917427063
0.6634001731872559 0.9453557133674622 0.027167081832885742 0.02363872528076172 0.361063152551651
0.6859280467033386 0.876683235168457 0.035721421241760254 0.036407470703125 0.3449844717979431
0.5968730449676514 0.7396197319030762 0.038874804973602295 0.035198867321014404 0.34402063488960266
0.7614271640777588 0.753061056137085 0.025858581066131592 0.02250593900680542 0.32899338006973267
0.6457753777503967 0.8147802352905273 0.04047691822052002 0.0347217321395874 0.328022301197052
0.4040989875793457 0.30519694089889526 0.019048303365707397 0.018767982721328735 0.3266204595565796
0.5725456476211548 0.21056120097637177 0.024371325969696045 0.022356659173965454 0.32589003443717957
0.8086963891983032 0.569240927696228 0.02727031707763672 0.02499443292617798 0.32400235533714294
0.5628119707107544 0.9617462158203125 0.030331790447235107 0.025913596153259277 0.31134650111198425
0.7783963084220886 0.46731412410736084 0.01762712001800537 0.015838712453842163 0.29661813378334045
0.6781954765319824 0.7859547138214111 0.03381383419036865 0.03028315305709839 0.29163992404937744
0.7267016172409058 0.7213150262832642 0.026733458042144775 0.03229743242263794 0.284209668636322
0.5192040205001831 0.738784670829773 0.02499765157699585 0.024827659130096436 0.2696421444416046
0.8723627328872681 0.6912175416946411 0.017040669918060303 0.016922950744628906 0.26434120535850525
0.6491014361381531 0.8991755247116089 0.03082561492919922 0.028004109859466553 0.2628919184207916
0.7805509567260742 0.5261317491531372 0.021331429481506348 0.020396411418914795 0.26263347268104553
0.7821223735809326 0.6544533967971802 0.028471171855926514 0.0285302996635437 0.24652396142482758
0.7661185264587402 0.9512813091278076 0.02570021152496338 0.024893581867218018 0.23355329036712646
0.6199321746826172 0.8521963357925415 0.035656094551086426 0.03266030550003052 0.223190575838089
0.7815006971359253 0.7250370979309082 0.021154820919036865 0.0241621732711792 0.20610716938972473
0.5324839949607849 0.6856167316436768 0.024422049522399902 0.023307085037231445 0.20534294843673706
0.4196600019931793 0.2787039279937744 0.015678226947784424 0.015980005264282227 0.2036452740430832
0.845616340637207 0.6351667642593384 0.03195762634277344 0.032962024211883545 0.19697189331054688
0.54011470079422 0.7781544923782349 0.022451281547546387 0.02028369903564453 0.1889307200908661
0.7428263425827026 0.6461851000785828 0.03760451078414917 0.037740111351013184 0.1783234030008316
0.8491856455802917 0.6377466917037964 0.03584003448486328 0.04070323705673218 0.1765923947095871
0.5116242170333862 0.7058274745941162 0.023682892322540283 0.020080387592315674 0.17554987967014313
0.7786427736282349 0.4676322042942047 0.023225367069244385 0.021450340747833252 0.16899003088474274
0.6196997165679932 0.8528391122817993 0.03705042600631714 0.03456920385360718 0.163088858127594
0.7575546503067017 0.7496445178985596 0.031574904918670654 0.02760392427444458 0.1573183834552765
0.8548385500907898 0.6458021402359009 0.03667104244232178 0.036432087421417236 0.15157286822795868
0.7796923518180847 0.5257757902145386 0.028420567512512207 0.025805890560150146 0.15145468711853027
0.6505450010299683 0.9913265109062195 0.029172122478485107 0.016463875770568848 0.14989814162254333
0.5979216694831848 0.7444272041320801 0.049579620361328125 0.04309719800949097 0.14878879487514496
0.872887134552002 0.6912112236022949 0.02168595790863037 0.02022552490234375 0.14687226712703705
0.8613889217376709 0.6500436663627625 0.028828799724578857 0.030205726623535156 0.14640314877033234
0.5728908777236938 0.9287261962890625 0.021170437335968018 0.018741965293884277 0.14091382920742035
0.6955293416976929 0.715432345867157 0.02925032377243042 0.03164196014404297 0.14032278954982758
0.6050217747688293 0.7408832311630249 0.04965054988861084 0.03528350591659546 0.13547556102275848
0.40311044454574585 0.3053068518638611 0.023442745208740234 0.02317926287651062 0.13207419216632843
0.5540038347244263 0.6666296720504761 0.029816806316375732 0.026041507720947266 0.13039368391036987
0.8137335181236267 0.6052154302597046 0.032013654708862305 0.033473432064056396 0.13001663982868195
0.5542385578155518 0.6668496131896973 0.0307309627532959 0.02616429328918457 0.12992653250694275
0.8610891103744507 0.6520947217941284 0.02499622106552124 0.022967875003814697 0.1264752447605133
0.6777880191802979 0.9366027116775513 0.023201167583465576 0.022083699703216553 0.12398608773946762
0.7428893446922302 0.642750084400177 0.03419017791748047 0.03619349002838135 0.12355764210224152
0.5794134140014648 0.8372049331665039 0.03708338737487793 0.031026244163513184 0.1230769231915474
0.7915922999382019 0.7514152526855469 0.02927839756011963 0.03171175718307495 0.12017735093832016
0.5741548538208008 0.21175554394721985 0.03246665000915527 0.030410870909690857 0.11992206424474716
0.8246440887451172 0.7719830274581909 0.04382514953613281 0.04147976636886597 0.11299005895853043
0.5737166404724121 0.8203911781311035 0.038475990295410156 0.03754591941833496 0.11027834564447403
0.5188757181167603 0.7381852865219116 0.03123950958251953 0.028818786144256592 0.1033974140882492
0.5398421287536621 0.7787591218948364 0.02651667594909668 0.025346219539642334 0.09787683188915253
0.5183360576629639 0.7374995946884155 0.03198593854904175 0.03003925085067749 0.09718043357133865
0.6070766448974609 0.7419105768203735 0.058315277099609375 0.04597872495651245 0.09707216918468475
0.5703986287117004 0.8138725161552429 0.041610121726989746 0.03388679027557373 0.09670191258192062
0.6493214964866638 0.9803042411804199 0.03688013553619385 0.03407001495361328 0.09627677500247955
0.35484588146209717 0.33816638588905334 0.018457800149917603 0.01900261640548706 0.09431705623865128
0.5777380466461182 0.8323272466659546 0.04037874937057495 0.038278400897979736 0.09393016248941422
0.8168380856513977 0.40857353806495667 0.03361165523529053 0.0326196551322937 0.09362805634737015
0.6687660813331604 0.9425144195556641 0.03579819202423096 0.029278159141540527 0.08238834887742996
0.7529551386833191 0.7471088171005249 0.0323486328125 0.02790886163711548 0.08202192187309265
0.6499619483947754 0.7448147535324097 0.027208149433135986 0.023656785488128662 0.07588024437427521
0.5914686322212219 0.4975194036960602 0.014831900596618652 0.014083325862884521 0.07328561693429947
0.6466997265815735 0.8984745144844055 0.038797974586486816 0.032498955726623535 0.07325958460569382
0.5299544334411621 0.6843881607055664 0.03097677230834961 0.026899099349975586 0.07267516106367111
0.6057460308074951 0.9500812292098999 0.02874457836151123 0.02372688055038452 0.06962420046329498
0.7668768167495728 0.9497957229614258 0.03214079141616821 0.03028392791748047 0.06911458820104599
0.5599055290222168 0.7979229688644409 0.03465867042541504 0.028776168823242188 0.06909817457199097
0.5728633403778076 0.928396999835968 0.027332544326782227 0.02337646484375 0.06884543597698212
0.7341480851173401 0.7847350835800171 0.03817331790924072 0.03176957368850708 0.06816219538450241
0.5412579774856567 0.7806554436683655 0.03117513656616211 0.026610255241394043 0.0681145116686821
0.578601598739624 0.837763786315918 0.03620833158493042 0.03185105323791504 0.06800036877393723
0.7413395643234253 0.6490586996078491 0.03834056854248047 0.03911620378494263 0.0672568827867508
0.7436225414276123 0.357626348733902 0.014871358871459961 0.014187991619110107 0.06662280857563019
0.6781798601150513 0.4146305322647095 0.013081967830657959 0.012547403573989868 0.06574255973100662
0.756864070892334 0.7384493350982666 0.037828803062438965 0.05513119697570801 0.06547389179468155
0.7841715812683105 0.7276078462600708 0.027300238609313965 0.02626901865005493 0.06499597430229187
0.8085271716117859 0.5703543424606323 0.03519022464752197 0.031300127506256104 0.06434166431427002
0.6140978336334229 0.7517043948173523 0.05289345979690552 0.044404029846191406 0.06073087453842163
0.851977527141571 0.7767007946968079 0.03874814510345459 0.038277626037597656 0.058013465255498886
0.650928258895874 0.9730660915374756 0.028422117233276367 0.022505581378936768 0.0569334477186203
0.6880225539207458 0.8765729665756226 0.04462158679962158 0.04194068908691406 0.056216757744550705
0.6196624040603638 0.8540877103805542 0.04219788312911987 0.03852367401123047 0.055273618549108505
0.564914345741272 0.8055595755577087 0.04269665479660034 0.0390704870223999 0.054518770426511765
0.6289523839950562 0.7668055295944214 0.036754608154296875 0.026878297328948975 0.05338992923498154
0.5615196228027344 0.7995272874832153 0.036872267723083496 0.03003174066543579 0.0527065210044384
0.6196077466011047 0.7401182651519775 0.04428565502166748 0.042039573192596436 0.052037473767995834
0.5668208003044128 0.8067301511764526 0.04132425785064697 0.03922218084335327 0.050941623747348785
0.8534385561943054 0.642195463180542 0.04390525817871094 0.043334782123565674 0.04979875683784485
0.5136145353317261 0.7239612340927124 0.033087193965911865 0.04450082778930664 0.04937419295310974
0.5645978450775146 0.9619700908660889 0.03850364685058594 0.028641879558563232 0.049258362501859665
0.4201586842536926 0.27866703271865845 0.022631853818893433 0.021989256143569946 0.045872870832681656
0.6245353817939758 0.8546543121337891 0.049616456031799316 0.036746978759765625 0.04461558163166046
0.6209595203399658 0.736709713935852 0.036694347858428955 0.03794676065444946 0.043044302612543106
0.6450947523117065 0.9724626541137695 0.03447085618972778 0.022664666175842285 0.04266229271888733
0.6939469575881958 0.7166799306869507 0.038156092166900635 0.04074341058731079 0.040856923907995224
0.6499000787734985 0.9893659353256226 0.03328418731689453 0.02070087194442749 0.04039444774389267
0.5553781986236572 0.6659139394760132 0.036762535572052 0.0328255295753479 0.037192683666944504
0.7881617546081543 0.7453353404998779 0.030802428722381592 0.036585986614227295 0.03653129190206528
0.5852925181388855 0.779788613319397 0.03288304805755615 0.026311099529266357 0.03504571691155434
0.35495099425315857 0.3379521369934082 0.02081996202468872 0.02008044719696045 0.03424445912241936
0.7259049415588379 0.7197709083557129 0.03522777557373047 0.03724217414855957 0.03406384959816933
0.8452478647232056 0.7723681926727295 0.03955155611038208 0.041877567768096924 0.03386605903506279
0.36522698402404785 0.5363926887512207 0.014036953449249268 0.014638066291809082 0.03306380659341812
0.6481257677078247 0.8961349725723267 0.031609535217285156 0.033740997314453125 0.03273015096783638
0.6457939147949219 0.9747772216796875 0.042938828468322754 0.029764533042907715 0.03243357688188553
0.6263881921768188 0.7648319005966187 0.040856778621673584 0.02908879518508911 0.0319271981716156
0.780189037322998 0.537081241607666 0.022059082984924316 0.019796133041381836 0.03174178674817085
0.5530985593795776 0.7918254137039185 0.04589205980300903 0.038470685482025146 0.031121131032705307
0.5180453658103943 0.672382116317749 0.023809432983398438 0.01957017183303833 0.030784212052822113
0.6036494970321655 0.7600989937782288 0.06519490480422974 0.03595864772796631 0.029978102073073387
0.7345921993255615 0.7293081283569336 0.043789684772491455 0.05144655704498291 0.02988322265446186
0.7658441662788391 0.7190488576889038 0.04392373561859131 0.040788233280181885 0.02983911521732807
0.9952408671379089 0.5560956597328186 0.009518265724182129 0.020601749420166016 0.029471224173903465
0.5472718477249146 0.7841355800628662 0.042153894901275635 0.036140263080596924 0.028320135548710823
0.6178774833679199 0.7576193809509277 0.05249989032745361 0.04094088077545166 0.028155138716101646
0.5701209902763367 0.8143987655639648 0.046267032623291016 0.041441917419433594 0.028028272092342377
0.5851850509643555 0.778823733329773 0.03113245964050293 0.025318682193756104 0.028024310246109962
0.655269980430603 0.99285888671875 0.041113078594207764 0.013789772987365723 0.02786867320537567
0.8128507137298584 0.5867239832878113 0.03626137971878052 0.051993727684020996 0.02736964449286461
0.5847570896148682 0.773095965385437 0.03769427537918091 0.03011566400527954 0.02702963538467884
0.5598032474517822 0.7962223291397095 0.04332655668258667 0.030222713947296143 0.026565559208393097
0.7432700991630554 0.35747048258781433 0.01905643939971924 0.017827749252319336 0.025943642482161522
0.7620304822921753 0.7541511058807373 0.02994745969772339 0.032132506370544434 0.02547069825232029
0.5608389377593994 0.9616578817367554 0.040777385234832764 0.03130608797073364 0.025190630927681923
0.49480941891670227 0.6495011448860168 0.022146880626678467 0.021978020668029785 0.024807479232549667
0.6788492798805237 0.7854475975036621 0.04372692108154297 0.03830081224441528 0.02458484098315239
0.3651019036769867 0.9600620269775391 0.020574748516082764 0.01960444450378418 0.024352476000785828
0.7174463272094727 0.6923191547393799 0.0227280855178833 0.01856774091720581 0.024065431207418442
0.3886684775352478 0.22648626565933228 0.016563385725021362 0.015771105885505676 0.023355228826403618
0.6501659750938416 0.901110053062439 0.033892035484313965 0.02832263708114624 0.021297110244631767
0.7088042497634888 0.7194705009460449 0.04485660791397095 0.04056346416473389 0.020892057567834854
0.64780592918396 0.9874191284179688 0.04337579011917114 0.024089813232421875 0.020844656974077225
0.7270941734313965 0.7255740165710449 0.03489196300506592 0.05116617679595947 0.020728835836052895
0.7473959922790527 0.7444008588790894 0.04644519090652466 0.04495507478713989 0.020647000521421432
0.6603139638900757 0.9455322027206421 0.03842085599899292 0.02813720703125 0.020161835476756096
0.3537440896034241 0.3379315435886383 0.023803919553756714 0.02255195379257202 0.0200718455016613
0.5597758293151855 0.7998851537704468 0.04993319511413574 0.039724767208099365 0.01941766031086445
0.27759021520614624 0.6259182095527649 0.016321659088134766 0.018650412559509277 0.019277473911643028
0.38884249329566956 0.2264007031917572 0.01989811658859253 0.01918850839138031 0.019268730655312538
0.5206528902053833 0.7399357557296753 0.039343833923339844 0.03348952531814575 0.01867058500647545
0.6425427794456482 0.8132784366607666 0.05467569828033447 0.042958080768585205 0.018445612862706184
0.635428786277771 0.7554346323013306 0.04462862014770508 0.039718449115753174 0.01815403625369072
0.8113634586334229 0.6040487289428711 0.042210400104522705 0.036538898944854736 0.018096720799803734
0.5816739797592163 0.7785518169403076 0.041586458683013916 0.03010880947113037 0.0177362821996212
0.5915576219558716 0.49817925691604614 0.01991826295852661 0.019900113344192505 0.017525658011436462
0.6444896459579468 0.8108957409858704 0.045057475566864014 0.03917217254638672 0.017511986196041107
0.648603081703186 0.7432124018669128 0.03491765260696411 0.030251502990722656 0.017008915543556213
0.6370575428009033 0.9717418551445007 0.02543485164642334 0.022283196449279785 0.016718024387955666
0.8370651006698608 0.6261532306671143 0.029606640338897705 0.041294872760772705 0.01662527397274971
0.5204788446426392 0.6763675808906555 0.0371364951133728 0.03446328639984131 0.016539953649044037
0.36502695083618164 0.5368987917900085 0.0167616605758667 0.01794111728668213 0.01611761376261711
0.5146840810775757 0.6722151637077332 0.025471389293670654 0.022712111473083496 0.015826625749468803
0.5680123567581177 0.8011267781257629 0.054757773876190186 0.046622276306152344 0.01567676290869713
0.3827759623527527 0.3624861240386963 0.017266273498535156 0.018379569053649902 0.015591892413794994
0.5637601613998413 0.787162184715271 0.05871456861495972 0.04588228464126587 0.015448822639882565
0.7772150039672852 0.7235952615737915 0.0329974889755249 0.03234976530075073 0.015395020134747028
0.8622953295707703 0.6530823707580566 0.037023186683654785 0.037448227405548096 0.015019798651337624
0.7786682844161987 0.46898841857910156 0.028463900089263916 0.0273779034614563 0.014988544397056103
0.49768322706222534 0.6477553844451904 0.027704328298568726 0.025186777114868164 0.014896969310939312
0.5160707235336304 0.6720649003982544 0.031219065189361572 0.02658921480178833 0.014861388131976128
0.5788343548774719 0.8329508304595947 0.04336869716644287 0.03970068693161011 0.014493032358586788
0.765569806098938 0.9550650119781494 0.02961176633834839 0.03137129545211792 0.01447917241603136
0.7781246304512024 0.5896204710006714 0.02277696132659912 0.0237695574760437 0.014199906960129738
0.6383416056632996 0.8194706439971924 0.057979583740234375 0.052537500858306885 0.01385823916643858
0.9925098419189453 0.5559758543968201 0.014980316162109375 0.025241494178771973 0.013631012290716171
0.8466110229492188 0.6384966373443604 0.046090126037597656 0.0475957989692688 0.013458040542900562
0.5709460973739624 0.6545230150222778 0.036842167377471924 0.033382952213287354 0.013432272709906101
0.5897032022476196 0.761637806892395 0.046882450580596924 0.04318922758102417 0.012949957512319088
0.5984125137329102 0.7370480895042419 0.0479586124420166 0.04120457172393799 0.012913778424263
0.5307556986808777 0.6405895948410034 0.023253798484802246 0.020261764526367188 0.012534528970718384
0.7376861572265625 0.653066873550415 0.05961257219314575 0.05478954315185547 0.012370867654681206
0.5770447850227356 0.7688603401184082 0.030492424964904785 0.025107622146606445 0.012354391627013683
0.6810106039047241 0.8682740926742554 0.04526489973068237 0.039572715759277344 0.012181641533970833
0.5730984807014465 0.20942607522010803 0.0341106653213501 0.033563658595085144 0.012176156044006348
0.868707001209259 0.6938554048538208 0.030477166175842285 0.02533775568008423 0.011971657164394855
0.5070880651473999 0.7079153060913086 0.03267425298690796 0.027329206466674805 0.011696371249854565
0.8747678995132446 0.6914018392562866 0.029168307781219482 0.024691760540008545 0.011602714657783508
0.6329465508460999 0.7402594089508057 0.053070902824401855 0.03911858797073364 0.011506098322570324
0.6363221406936646 0.7408649921417236 0.05067485570907593 0.03477972745895386 0.011495019309222698
0.7797012329101562 0.5293035507202148 0.03125572204589844 0.03570711612701416 0.011412565596401691
0.7552045583724976 0.7247556447982788 0.03386038541793823 0.0465814471244812 0.011251825839281082
0.5267637968063354 0.6836232542991638 0.04442328214645386 0.042029500007629395 0.011239037849009037
0.5754070281982422 0.6508921980857849 0.026098012924194336 0.026813983917236328 0.011185591109097004
0.6191713213920593 0.8460033535957336 0.04061269760131836 0.03526020050048828 0.010961313731968403
0.8653664588928223 0.6487647294998169 0.037869811058044434 0.035338401794433594 0.010766121558845043
0.544465959072113 0.6607190370559692 0.045540452003479004 0.03473418951034546 0.010222429409623146
0.6785637140274048 0.41405344009399414 0.018789708614349365 0.01817607879638672 0.009750435128808022
0.5716702342033386 0.9287509918212891 0.036452293395996094 0.0262603759765625 0.00968733336776495
0.5443804264068604 0.6280356645584106 0.04197806119918823 0.030596911907196045 0.00946990679949522
0.43513423204421997 0.8205317258834839 0.0222150981426239 0.0216253399848938 0.009384261444211006
0.274463415145874 0.6899234056472778 0.014510631561279297 0.014487087726593018 0.009382236748933792
0.38238775730133057 0.36313414573669434 0.017574697732925415 0.01690751314163208 0.008727490901947021
0.5189353227615356 0.7329590916633606 0.03902283310890198 0.038786888122558594 0.008686425164341927
0.6162151098251343 0.7345884442329407 0.04753154516220093 0.04126548767089844 0.00843820720911026
0.35685616731643677 0.3379899263381958 0.027056366205215454 0.02535828948020935 0.008436455391347408
0.5094871520996094 0.7152557373046875 0.040214329957962036 0.04250490665435791 0.008369820192456245
0.6213440895080566 0.731848955154419 0.04128420352935791 0.03585082292556763 0.008216443471610546
0.7643368244171143 0.9459489583969116 0.03150200843811035 0.033154308795928955 0.008174986578524113
0.27700379490852356 0.6247789859771729 0.01863175630569458 0.02396601438522339 0.00814778171479702
0.40635114908218384 0.8396636247634888 0.019064515829086304 0.017786026000976562 0.007857249118387699
0.6797130703926086 0.9371085166931152 0.03313267230987549 0.02881169319152832 0.007825753651559353
0.777880847454071 0.524449348449707 0.03750133514404297 0.03005087375640869 0.007709285244345665
0.5402257442474365 0.6341150999069214 0.03736084699630737 0.02977132797241211 0.007706863339990377
0.5505383014678955 0.6579291820526123 0.05000275373458862 0.03831082582473755 0.007624899968504906
0.40831640362739563 0.30059218406677246 0.030085206031799316 0.028077691793441772 0.00731723802164197
0.5029394626617432 0.24216769635677338 0.018502414226531982 0.017527252435684204 0.007252069190144539
0.6743582487106323 0.8856419324874878 0.03418201208114624 0.044825971126556396 0.007213495671749115
0.5292447209358215 0.6767129898071289 0.03435099124908447 0.03817105293273926 0.007132269442081451
0.5804500579833984 0.9295541644096375 0.039385199546813965 0.02715456485748291 0.007052142638713121
0.7327008247375488 0.6761537790298462 0.05559796094894409 0.040389060974121094 0.006989433895796537
0.7365822792053223 0.78092360496521 0.03113853931427002 0.03369152545928955 0.006808111909776926
0.49574804306030273 0.6508625745773315 0.02947235107421875 0.033233463764190674 0.006562806200236082
0.5743275880813599 0.8240354657173157 0.04943925142288208 0.046883583068847656 0.006557371001690626
0.5787711143493652 0.8407942056655884 0.04008197784423828 0.038287341594696045 0.006259536370635033
0.405521035194397 0.30597350001335144 0.031228214502334595 0.029262959957122803 0.006096851546317339
0.6112906336784363 0.8490253686904907 0.05850255489349365 0.04234427213668823 0.006074444390833378
0.5301549434661865 0.6402848958969116 0.0286138653755188 0.02683943510055542 0.005996395368129015
0.6424448490142822 0.8947965502738953 0.041182637214660645 0.03875124454498291 0.005922068376094103
0.7218541502952576 0.689989447593689 0.04026079177856445 0.0237388014793396 0.005857369396835566
0.5782999992370605 0.7854798436164856 0.04907786846160889 0.03743898868560791 0.005663306452333927
0.5181877613067627 0.7398735880851746 0.034909963607788086 0.037119269371032715 0.005663054063916206
0.6796243786811829 0.7903503179550171 0.037301063537597656 0.04293185472488403 0.005425687413662672
0.7298654317855835 0.7861672639846802 0.043246686458587646 0.039524078369140625 0.005330468062311411
0.4929022789001465 0.6487973928451538 0.030020445585250854 0.027419626712799072 0.0053222933784127235
0.8321638107299805 0.6178780198097229 0.04524576663970947 0.04450428485870361 0.005273699294775724
0.6251217722892761 0.8475282192230225 0.050115227699279785 0.03984910249710083 0.004897340200841427
0.6519789099693298 0.7437118291854858 0.029478073120117188 0.02554529905319214 0.004857392515987158
0.9897029399871826 0.6350196599960327 0.018632709980010986 0.028518855571746826 0.004698954056948423
0.81927889585495 0.7623341679573059 0.03965413570404053 0.041443467140197754 0.004669464658945799
0.38568246364593506 0.527777910232544 0.013589292764663696 0.013855218887329102 0.004655357450246811
0.5353838205337524 0.6369719505310059 0.033595263957977295 0.027862548828125 0.004650865215808153
0.8895944356918335 0.5890532732009888 0.01837235689163208 0.023918569087982178 0.00456547224894166
0.803492546081543 0.5667740106582642 0.037377119064331055 0.029421627521514893 0.004533714149147272
0.817084789276123 0.5650785565376282 0.03702199459075928 0.02902984619140625 0.004508688114583492
0.26141104102134705 0.6157792806625366 0.01897341012954712 0.025820553302764893 0.0044274888932704926
0.5907880067825317 0.49667850136756897 0.020713627338409424 0.020820558071136475 0.004259781911969185
0.647778332233429 0.806254506111145 0.05541789531707764 0.061689794063568115 0.004256461746990681
0.5857311487197876 0.7616331577301025 0.047293126583099365 0.02924555540084839 0.004245786461979151
0.857731819152832 0.7107797861099243 0.02089250087738037 0.021378934383392334 0.004239692352712154
0.6236481666564941 0.8446300625801086 0.05467498302459717 0.04576146602630615 0.004168998915702105
0.7254824638366699 0.693338930606842 0.04013025760650635 0.025447726249694824 0.0041518863290548325
0.43563514947891235 0.8214175701141357 0.0266706645488739 0.02674025297164917 0.0040124766528606415
0.7431718707084656 0.358803391456604 0.02286672592163086 0.023439735174179077 0.003965440671890974
0.7401191592216492 0.6475841999053955 0.057813286781311035 0.049922168254852295 0.0039311908185482025
0.815605640411377 0.4091261625289917 0.049237608909606934 0.03724852204322815 0.0038677372504025698
0.4460635185241699 0.3656404912471771 0.015905022621154785 0.01640111207962036 0.0038535327184945345
0.5398937463760376 0.6795881986618042 0.04569274187088013 0.04232698678970337 0.0038478372152894735
0.26462745666503906 0.6149789094924927 0.021517932415008545 0.027238428592681885 0.003845151048153639
0.5936951637268066 0.7356374263763428 0.04349684715270996 0.039833247661590576 0.0037910935934633017
0.9947593808174133 0.5538209676742554 0.01048123836517334 0.025921881198883057 0.003741956315934658
0.6562482118606567 0.9731141924858093 0.03725165128707886 0.030490875244140625 0.0037081933114677668
0.5051134824752808 0.24190258979797363 0.02748391032218933 0.023352012038230896 0.0036758044734597206
0.5436787605285645 0.7787498235702515 0.03569096326828003 0.02936798334121704 0.0035098318476229906
0.5417112708091736 0.6461783051490784 0.043322205543518066 0.030640006065368652 0.003382905153557658
0.6292833089828491 0.7680951356887817 0.04366445541381836 0.03503340482711792 0.003327414859086275
0.5557420253753662 0.6753107309341431 0.04670161008834839 0.043591320514678955 0.0032438691705465317
0.852455735206604 0.6355121731758118 0.0494723916053772 0.04956185817718506 0.0032041536178439856
0.8135432004928589 0.5575689077377319 0.034637272357940674 0.03671163320541382 0.003180987900123
0.6046923398971558 0.954013466835022 0.036885738372802734 0.03639644384384155 0.003170331008732319
0.749272346496582 0.7524619102478027 0.04402005672454834 0.04187154769897461 0.0031550589483231306
0.7630691528320312 0.9522258639335632 0.04405832290649414 0.03729212284088135 0.0031468886882066727
0.7886379361152649 0.6077499389648438 0.035900115966796875 0.040789246559143066 0.003041265532374382
0.6780349016189575 0.41524678468704224 0.024069368839263916 0.021802902221679688 0.0029824133962392807
0.8062393665313721 0.7571592330932617 0.05264931917190552 0.04281306266784668 0.0029634388629347086
0.38447844982147217 0.36357349157333374 0.021033674478530884 0.021526306867599487 0.002845347858965397
0.5807397365570068 0.6330804824829102 0.024839580059051514 0.022687256336212158 0.002734422218054533
0.6958494186401367 0.9958468675613403 0.02806401252746582 0.008306324481964111 0.002690825844183564
0.9949852824211121 0.8441259264945984 0.010029435157775879 0.022355079650878906 0.0026902949903160334
0.7393097877502441 0.6290097832679749 0.03841876983642578 0.034350037574768066 0.0026472266763448715
0.9952355027198792 0.7663564682006836 0.0095289945602417 0.01871967315673828 0.002644287422299385
0.590273380279541 0.7419630289077759 0.04968762397766113 0.04252892732620239 0.0026010777801275253
0.5754619836807251 0.6347934007644653 0.03552299737930298 0.03520089387893677 0.00259621674194932
0.6688437461853027 0.7772011160850525 0.048017263412475586 0.03541219234466553 0.0025212084874510765
0.6456044912338257 0.901270866394043 0.04281848669052124 0.041243791580200195 0.0024913919623941183
0.506076991558075 0.24038681387901306 0.03285694122314453 0.026799067854881287 0.002489357953891158
0.8758460283279419 0.47894853353500366 0.018012583255767822 0.020837873220443726 0.002478798385709524
0.8547055125236511 0.3597536087036133 0.015176773071289062 0.015226989984512329 0.0024580340832471848
0.4172566533088684 0.2777990400791168 0.02706792950630188 0.025040626525878906 0.0024078176356852055
0.5217816829681396 0.6646058559417725 0.03394925594329834 0.030765831470489502 0.002407242776826024
0.8541282415390015 0.712181806564331 0.02703326940536499 0.026468515396118164 0.002400263212621212
0.9940580129623413 0.8295440673828125 0.011367261409759521 0.021769165992736816 0.002398669719696045
0.2720344662666321 0.6236410140991211 0.024220943450927734 0.025258779525756836 0.002390397945418954
0.7089443206787109 0.23424234986305237 0.02906399965286255 0.023644819855690002 0.002365480177104473
0.44493216276168823 0.3645002841949463 0.0206587016582489 0.020655155181884766 0.002361124847084284
0.3621442914009094 0.9947978854179382 0.021975427865982056 0.010404229164123535 0.002357368590310216
0.34227287769317627 0.2215280532836914 0.02222880721092224 0.02331489324569702 0.0023390562273561954
0.7347967624664307 0.6326171159744263 0.05076867341995239 0.04091721773147583 0.002312849508598447
0.5355373620986938 0.9877331256866455 0.020919859409332275 0.016674816608428955 0.0022791395895183086
0.5727022886276245 0.9274059534072876 0.04423397779464722 0.035478413105010986 0.00226473156362772
0.5352239608764648 0.9903295040130615 0.020470261573791504 0.013922512531280518 0.002246830379590392
