x y width height conf
0.16361933946609497 0.38444656133651733 0.01769976317882538 0.017030328512191772 0.40327441692352295
0.6759144067764282 0.9048793315887451 0.032016098499298096 0.032722651958465576 0.39101529121398926
0.4927387237548828 0.7934480905532837 0.04279729723930359 0.035095274448394775 0.3496690094470978
0.5513219833374023 0.13387760519981384 0.020531892776489258 0.01863129436969757 0.34144076704978943
0.6760767698287964 0.904369592666626 0.02601104974746704 0.026697933673858643 0.3373570442199707
0.1636665165424347 0.3844260573387146 0.021712705492973328 0.020556002855300903 0.3341572880744934
0.6781882047653198 0.6635547876358032 0.029035627841949463 0.02620333433151245 0.2975139915943146
0.7950515747070312 0.6746737957000732 0.02150571346282959 0.022889912128448486 0.2694430947303772
0.43010377883911133 0.18834008276462555 0.0344921350479126 0.030339986085891724 0.2527506649494171
0.7850208282470703 0.48150336742401123 0.016571760177612305 0.018138498067855835 0.24229007959365845
0.6645864248275757 0.6230357885360718 0.019018590450286865 0.018202126026153564 0.21969255805015564
0.488243043422699 0.7079401016235352 0.027721017599105835 0.024442851543426514 0.218641996383667
0.4283173680305481 0.6703991293907166 0.034158140420913696 0.02851855754852295 0.21403542160987854
0.5310150384902954 0.9041814804077148 0.03375798463821411 0.031178832054138184 0.2056177705526352
0.6642624139785767 0.6231775283813477 0.025052130222320557 0.023662269115447998 0.1978791356086731
0.5306524038314819 0.9041277766227722 0.041773974895477295 0.03709447383880615 0.19574733078479767
0.42813414335250854 0.6700233817100525 0.03433188796043396 0.030719399452209473 0.17069995403289795
0.4035130441188812 0.7275427579879761 0.03818178176879883 0.03530007600784302 0.16239650547504425
0.5515800714492798 0.13456842303276062 0.026642978191375732 0.024584218859672546 0.16015318036079407
0.45812487602233887 0.7572430372238159 0.02952754497528076 0.026014626026153564 0.15541359782218933
0.3125910460948944 0.5475376844406128 0.026131391525268555 0.023953020572662354 0.14242398738861084
0.3126586079597473 0.5470890998840332 0.026529759168624878 0.024197101593017578 0.13705149292945862
0.17423593997955322 0.6414101123809814 0.021222293376922607 0.022337734699249268 0.13318730890750885
0.8080427646636963 0.8159811496734619 0.017552196979522705 0.019923388957977295 0.13275878131389618
0.807468056678772 0.8159345388412476 0.02074664831161499 0.023891031742095947 0.12330127507448196
0.4064424932003021 0.7283309102058411 0.03609257936477661 0.033510565757751465 0.11311422288417816
0.6728270649909973 0.9046810865402222 0.042630791664123535 0.03742939233779907 0.10521740466356277
0.8074820637702942 0.8161715269088745 0.02172410488128662 0.025101661682128906 0.10110309720039368
0.5908186435699463 0.9018698930740356 0.03407686948776245 0.029456138610839844 0.09954062849283218
0.5912488698959351 0.9023643732070923 0.026038169860839844 0.023400306701660156 0.083644337952137
0.6907491683959961 0.32088184356689453 0.016372084617614746 0.016366571187973022 0.08141802251338959
0.6792817115783691 0.6629282832145691 0.035666704177856445 0.03109610080718994 0.08107060194015503
0.7963802814483643 0.6747312545776367 0.025761425495147705 0.02713620662689209 0.07246629893779755
0.48894843459129333 0.7067601680755615 0.03356045484542847 0.03050971031188965 0.07099179178476334
0.6182645559310913 0.9229161739349365 0.02449852228164673 0.023097217082977295 0.065902478992939
0.31305772066116333 0.23493628203868866 0.019522935152053833 0.017972469329833984 0.06508520245552063
0.6057994365692139 0.5572019815444946 0.01970517635345459 0.018136560916900635 0.05658630281686783
0.31358543038368225 0.5462429523468018 0.03391838073730469 0.03316318988800049 0.05453536659479141
0.6060013175010681 0.5576028823852539 0.02634572982788086 0.02254199981689453 0.04184890165925026
0.6166737079620361 0.9224212169647217 0.030512630939483643 0.0301092267036438 0.040685173124074936
0.7959891557693481 0.6755088567733765 0.026194751262664795 0.028389155864715576 0.03966159000992775
0.4647449851036072 0.6821478605270386 0.03084680438041687 0.027261555194854736 0.03723440319299698
0.5929708480834961 0.9047567248344421 0.03912186622619629 0.0369415283203125 0.03583195060491562
0.7308632731437683 0.6515357494354248 0.01847076416015625 0.018770933151245117 0.03418702259659767
0.5082621574401855 0.24115267395973206 0.024118542671203613 0.02078576385974884 0.03381866216659546
0.20034444332122803 0.6138577461242676 0.01725238561630249 0.016497790813446045 0.03356866165995598
0.24680154025554657 0.4633864164352417 0.018673747777938843 0.01898440718650818 0.03340277820825577
0.32104960083961487 0.5789173245429993 0.019088447093963623 0.018371939659118652 0.03321720287203789
0.689673900604248 0.3209267258644104 0.02158069610595703 0.02111878991127014 0.03217880055308342
0.4299408793449402 0.19007620215415955 0.041355133056640625 0.039123669266700745 0.03164447471499443
0.3251003324985504 0.5768193006515503 0.033442676067352295 0.02637958526611328 0.030815912410616875
0.3176911473274231 0.5539488792419434 0.042659610509872437 0.04277229309082031 0.028419900685548782
0.17375445365905762 0.6419153213500977 0.027807265520095825 0.02707648277282715 0.028011545538902283
0.44429540634155273 0.7301366925239563 0.02468550205230713 0.0246351957321167 0.027362879365682602
0.6678250432014465 0.7599494457244873 0.03363525867462158 0.0346299409866333 0.026767577975988388
0.7842111587524414 0.48280686140060425 0.022311389446258545 0.02546045184135437 0.02564329095184803
0.18469995260238647 0.3881654739379883 0.016224071383476257 0.019742310047149658 0.024908186867833138
0.33890992403030396 0.6333242654800415 0.0229337215423584 0.02133423089981079 0.024688927456736565
0.3334270417690277 0.5754270553588867 0.030411064624786377 0.025314927101135254 0.024252627044916153
0.20445629954338074 0.8170380592346191 0.015567019581794739 0.015510201454162598 0.021658990532159805
0.3387361168861389 0.6336591839790344 0.025703638792037964 0.024742722511291504 0.021201269701123238
0.5339179039001465 0.9152669906616211 0.04259461164474487 0.04885220527648926 0.021096644923090935
0.2443827986717224 0.655129075050354 0.04014091193675995 0.03278541564941406 0.020736824721097946
0.6683536767959595 0.759289026260376 0.029827535152435303 0.03330200910568237 0.020564204081892967
0.762924313545227 0.6415138244628906 0.01599264144897461 0.01791858673095703 0.020541425794363022
0.5722854137420654 0.8297794461250305 0.02321922779083252 0.020933151245117188 0.020473899319767952
0.3982943892478943 0.7240476608276367 0.04916688799858093 0.04093378782272339 0.01934063620865345
0.8055589199066162 0.8159675598144531 0.028100788593292236 0.02924799919128418 0.019172612577676773
0.49527233839035034 0.794232964515686 0.05558463931083679 0.04282301664352417 0.018833385780453682
0.6448453664779663 0.9164100885391235 0.01912027597427368 0.022867202758789062 0.017864026129245758
0.70673006772995 0.6516225337982178 0.018039345741271973 0.018609285354614258 0.017755307257175446
0.6756148934364319 0.6636742353439331 0.04607236385345459 0.035603344440460205 0.017638571560382843
0.49067822098731995 0.7068402171134949 0.04053133726119995 0.033536553382873535 0.01695140264928341
0.42991113662719727 0.18549558520317078 0.03851950168609619 0.03746451437473297 0.016695424914360046
0.46487560868263245 0.6803317070007324 0.03401756286621094 0.03243851661682129 0.015632066875696182
0.5728004574775696 0.8301559686660767 0.03445100784301758 0.0309295654296875 0.015427042730152607
0.5280101895332336 0.9061040878295898 0.05394899845123291 0.04347193241119385 0.014772091992199421
0.18416520953178406 0.38867056369781494 0.017437085509300232 0.018285512924194336 0.014753538183867931
0.5089206695556641 0.24039116501808167 0.029785901308059692 0.02674950659275055 0.014700427651405334
0.1626376211643219 0.2807143032550812 0.018863394856452942 0.017671644687652588 0.014068890362977982
0.6674894094467163 0.757601261138916 0.032309532165527344 0.03388524055480957 0.014061630703508854
0.3387852907180786 0.6345577239990234 0.02815571427345276 0.02840864658355713 0.013495838269591331
0.6115034222602844 0.919899582862854 0.046414732933044434 0.038819849491119385 0.013467490673065186
0.4517900347709656 0.7447574138641357 0.034319669008255005 0.03620260953903198 0.013366852886974812
0.08852571249008179 0.6066356897354126 0.022252157330513 0.020627975463867188 0.01237829215824604
0.8074051141738892 0.8167620897293091 0.025931358337402344 0.031982421875 0.012318422086536884
0.3523969054222107 0.2068301886320114 0.027855604887008667 0.02489471435546875 0.01202218048274517
0.6673383712768555 0.7594939470291138 0.03659248352050781 0.0391504168510437 0.011938887648284435
0.1651701033115387 0.7141808271408081 0.018369778990745544 0.019257724285125732 0.011907142587006092
0.4658561944961548 0.6787077784538269 0.030564874410629272 0.03174149990081787 0.011722947470843792
0.5531466603279114 0.13362711668014526 0.036402106285095215 0.029274985194206238 0.011527649126946926
0.30966755747795105 0.5483415126800537 0.037541329860687256 0.03127598762512207 0.011132259853184223
0.4454854130744934 0.7327768206596375 0.031816691160202026 0.03482210636138916 0.010485662147402763
0.6211850643157959 0.8657435178756714 0.018740355968475342 0.018768310546875 0.009809354320168495
0.606354832649231 0.5581685304641724 0.03535383939743042 0.028761327266693115 0.009470023214817047
0.8002451658248901 0.6757909655570984 0.030492782592773438 0.030769944190979004 0.00939835887402296
0.4287802577018738 0.6727149486541748 0.03942224383354187 0.03769028186798096 0.009271788410842419
0.6665717363357544 0.6236497759819031 0.03398627042770386 0.029779911041259766 0.009092776104807854
0.6630067825317383 0.6226943135261536 0.03726983070373535 0.03683817386627197 0.00882926769554615
0.761185884475708 0.6466255187988281 0.023689091205596924 0.026772260665893555 0.008636188693344593
0.20482692122459412 0.816754937171936 0.01981174945831299 0.020187795162200928 0.008543369360268116
0.7295764684677124 0.6511412858963013 0.02507072687149048 0.026314079761505127 0.008336472325026989
0.3392651081085205 0.6321215033531189 0.03440767526626587 0.031076908111572266 0.008316388353705406
0.5900564193725586 0.9012454152107239 0.05169832706451416 0.03907930850982666 0.008228300139307976
0.4678483009338379 0.6789809465408325 0.03652989864349365 0.03172415494918823 0.008187259547412395
0.647844672203064 0.9144105911254883 0.02867025136947632 0.03409600257873535 0.008146325126290321
0.6234754323959351 0.9205310940742493 0.04924279451370239 0.03552055358886719 0.008009872399270535
0.6813232898712158 0.8374795913696289 0.0265234112739563 0.026064276695251465 0.007634648587554693
0.3517836928367615 0.20631995797157288 0.01980230212211609 0.019170626997947693 0.007420241832733154
0.4807550311088562 0.21444424986839294 0.02514764666557312 0.022755250334739685 0.006948370486497879
0.3172484338283539 0.5614331364631653 0.03647345304489136 0.046523451805114746 0.0068036639131605625
0.6814584732055664 0.8363122940063477 0.022450685501098633 0.021295905113220215 0.006777883507311344
0.1644604206085205 0.7141008377075195 0.023120597004890442 0.023533344268798828 0.006422184873372316
0.22373013198375702 0.8754816055297852 0.020343393087387085 0.01922607421875 0.0061590163968503475
0.6122452616691589 0.6744844317436218 0.02505052089691162 0.021590828895568848 0.006103491876274347
0.39922064542770386 0.6366537809371948 0.03748956322669983 0.0342445969581604 0.005852759350091219
0.44158297777175903 0.8203881978988647 0.02385541796684265 0.020411312580108643 0.005734472535550594
0.47906678915023804 0.21586552262306213 0.031138896942138672 0.028436288237571716 0.0056511289440095425
0.42718493938446045 0.18894276022911072 0.049405962228775024 0.040433093905448914 0.005582539830356836
0.6966846585273743 0.6567726135253906 0.035974860191345215 0.03311282396316528 0.005565349943935871
0.6374305486679077 0.919524073600769 0.03628045320510864 0.03271675109863281 0.005516784731298685
0.48602592945098877 0.7099267244338989 0.04117968678474426 0.03500443696975708 0.00529323099181056
0.10569930076599121 0.5853527188301086 0.018172748386859894 0.016286492347717285 0.0051641263999044895
0.6194779872894287 0.8660092353820801 0.0226476788520813 0.02515864372253418 0.005149180069565773
0.519209623336792 0.8252996206283569 0.025390446186065674 0.02369934320449829 0.005087470170110464
0.4035376012325287 0.7295775413513184 0.044138431549072266 0.04050612449645996 0.005075464956462383
0.7624780535697937 0.6454671621322632 0.02370893955230713 0.02764129638671875 0.004994918126612902
0.3085281252861023 0.7204286456108093 0.03749820590019226 0.03783595561981201 0.004830643534660339
0.4537455439567566 0.74164879322052 0.04242399334907532 0.040270984172821045 0.004597476217895746
0.3308762013912201 0.5744922161102295 0.04240149259567261 0.03278428316116333 0.00436199689283967
0.6659996509552002 0.7631194591522217 0.047002971172332764 0.04670459032058716 0.0042840526439249516
0.6327635049819946 0.9176110029220581 0.0478481650352478 0.037455976009368896 0.004227185621857643
0.6169549226760864 0.26269543170928955 0.021060287952423096 0.019847065210342407 0.004169188905507326
0.7636803388595581 0.6402401924133301 0.01975637674331665 0.02192401885986328 0.004055905621498823
0.5073529481887817 0.24320587515830994 0.03537222743034363 0.03280787169933319 0.004053633194416761
0.6727416515350342 0.7578138113021851 0.044052302837371826 0.040955543518066406 0.003974313382059336
0.5318546295166016 0.901119589805603 0.05091667175292969 0.043734729290008545 0.0039552063681185246
0.6196693181991577 0.8656501770019531 0.03334850072860718 0.030002355575561523 0.0039034660439938307
0.25001367926597595 0.6574851274490356 0.04515475034713745 0.0390964150428772 0.0037899217568337917
0.4621240496635437 0.7544795870780945 0.0458831787109375 0.03472709655761719 0.0036875074729323387
0.51723313331604 0.7383848428726196 0.035347819328308105 0.03149014711380005 0.0036836888175457716
0.4125608205795288 0.6495057940483093 0.062330156564712524 0.057402968406677246 0.0036551496013998985
0.2705022096633911 0.35338130593299866 0.019493192434310913 0.018952369689941406 0.0035695843398571014
0.3793887495994568 0.8292014598846436 0.03405460715293884 0.029320895671844482 0.003472978947684169
0.32045334577560425 0.5771811604499817 0.03349998593330383 0.029582619667053223 0.0033515142276883125
0.6766679286956787 0.8997137546539307 0.04684019088745117 0.04250222444534302 0.0033203125931322575
0.10379140079021454 0.5866219997406006 0.024205543100833893 0.02102649211883545 0.003252644557505846
0.6787515878677368 0.8396894335746765 0.030582845211029053 0.03197634220123291 0.003218997037038207
0.2778196930885315 0.5750995874404907 0.02144375443458557 0.02243274450302124 0.003139003412798047
0.32986563444137573 0.8112478256225586 0.033797651529312134 0.030216455459594727 0.0031197103671729565
0.5553622245788574 0.27786776423454285 0.021517932415008545 0.017644107341766357 0.0030753901228308678
0.4414569139480591 0.8212932348251343 0.028238683938980103 0.025273144245147705 0.0029965760186314583
0.5347483158111572 0.908897876739502 0.054436326026916504 0.05818009376525879 0.002960846060886979
0.3366580903530121 0.292378306388855 0.017364978790283203 0.017074495553970337 0.002828095341101289
0.609470009803772 0.9162642359733582 0.054557621479034424 0.048354506492614746 0.002821877598762512
0.18590888381004333 0.3876230716705322 0.019814446568489075 0.021749496459960938 0.002790421014651656
0.7721414566040039 0.6830421090126038 0.030782043933868408 0.0343170166015625 0.0027342205867171288
0.16307535767555237 0.2800394296646118 0.02645397186279297 0.02565440535545349 0.002684071660041809
0.7964392900466919 0.6772485971450806 0.03026026487350464 0.036587297916412354 0.0026612645015120506
0.3554209768772125 0.2062520980834961 0.03370314836502075 0.032097965478897095 0.0026400303468108177
0.7094194293022156 0.6529547572135925 0.029434561729431152 0.027883052825927734 0.002618643455207348
0.4237333834171295 0.7292176485061646 0.036464035511016846 0.033743321895599365 0.0026138992980122566
0.4901764988899231 0.7857121229171753 0.05358150601387024 0.04381066560745239 0.0026003762613981962
0.4819771945476532 0.7001861333847046 0.05219155550003052 0.049876391887664795 0.0025546082761138678
0.7278076410293579 0.6939116716384888 0.018370628356933594 0.021370887756347656 0.002459141658619046
0.45124730467796326 0.7605494856834412 0.04663354158401489 0.04292738437652588 0.002399347722530365
0.25698333978652954 0.4411209225654602 0.018269553780555725 0.016262054443359375 0.0023622573353350163
0.6746460795402527 0.6592820882797241 0.03814375400543213 0.0371432900428772 0.002303187269717455
0.40350836515426636 0.6339273452758789 0.03659906983375549 0.03368932008743286 0.0022921250201761723
0.24859976768493652 0.47801774740219116 0.020819291472434998 0.022200018167495728 0.002162514254450798
0.6812459826469421 0.7571106553077698 0.04856681823730469 0.041172027587890625 0.0021440039854496717
0.43880361318588257 0.7286257743835449 0.02767840027809143 0.03250467777252197 0.0021402835845947266
0.06423163414001465 0.6413419246673584 0.025101780891418457 0.031153976917266846 0.002070768503472209
0.2081463783979416 0.7444248199462891 0.024342626333236694 0.02516770362854004 0.00205048406496644
0.678165078163147 0.8438177108764648 0.03459697961807251 0.03861081600189209 0.002040270948782563
0.16401372849941254 0.3814615309238434 0.030398637056350708 0.032892048358917236 0.002037534024566412
0.4289659857749939 0.335374116897583 0.02100047469139099 0.01731047034263611 0.00198165001347661
0.4563840627670288 0.3045242428779602 0.036487191915512085 0.03091481328010559 0.001956803724169731
0.5107895135879517 0.7285675406455994 0.0504288375377655 0.04105520248413086 0.0019272289937362075
0.6721636652946472 0.6667900085449219 0.0478435754776001 0.046511948108673096 0.0019008658127859235
0.5802600979804993 0.8857440948486328 0.03377676010131836 0.025346994400024414 0.0018991295946761966
0.27163445949554443 0.3538822531700134 0.02538052201271057 0.024472743272781372 0.0018790023168548942
0.16371914744377136 0.3832656443119049 0.030787035822868347 0.0323445200920105 0.0018540385644882917
0.7541112303733826 0.37783825397491455 0.019026756286621094 0.018609464168548584 0.0018387021264061332
0.6157895922660828 0.2629488706588745 0.026020407676696777 0.025065511465072632 0.0018366335425525904
0.6912816762924194 0.756676971912384 0.02433067560195923 0.03097689151763916 0.0018166673835366964
0.37765559554100037 0.7716299295425415 0.020759105682373047 0.021810710430145264 0.0018166605150327086
0.326374888420105 0.5803231000900269 0.038993269205093384 0.03290504217147827 0.001811660942621529
0.7300518751144409 0.6983844637870789 0.023792803287506104 0.02664029598236084 0.0017894904594868422
0.5989882349967957 0.8980348110198975 0.06216394901275635 0.05909079313278198 0.0017863629618659616
0.5160802602767944 0.7374978065490723 0.03450772166252136 0.02894282341003418 0.0017644100589677691
0.664582371711731 0.7624802589416504 0.05079001188278198 0.05251955986022949 0.0017563257133588195
0.6771734952926636 0.842953085899353 0.03892415761947632 0.036447107791900635 0.001755265984684229
0.7956849932670593 0.6728529930114746 0.02952253818511963 0.03579646348953247 0.001682531670667231
0.518051028251648 0.2954646050930023 0.025554120540618896 0.022706806659698486 0.0016383851179853082
0.6084111928939819 0.5584673881530762 0.03340393304824829 0.029148101806640625 0.0016279799165204167
0.6999530792236328 0.8163671493530273 0.02086186408996582 0.020664215087890625 0.0016016778536140919
0.5559492111206055 0.2766432762145996 0.027873635292053223 0.022807955741882324 0.00160057726316154
0.06542253494262695 0.6451653242111206 0.020644161850214005 0.02156621217727661 0.0015410218620672822
0.20186454057693481 0.613065779209137 0.025449559092521667 0.024264812469482422 0.0015109744854271412
0.5413715243339539 0.6850944757461548 0.04540884494781494 0.03500133752822876 0.0014926822623237967
0.5411616563796997 0.9247102737426758 0.03335762023925781 0.03424644470214844 0.0014856006018817425
0.3501358926296234 0.2866864800453186 0.03721529245376587 0.029936999082565308 0.0014796060277149081
0.08791865408420563 0.6080037951469421 0.028344951570034027 0.02721250057220459 0.0014757729368284345
0.4516178071498871 0.3592464327812195 0.028656005859375 0.02668026089668274 0.0014689210802316666
0.7819421887397766 0.48162841796875 0.03024613857269287 0.030564486980438232 0.001445453497581184
0.5191943049430847 0.29758787155151367 0.03377664089202881 0.0313451886177063 0.0014114959631115198
0.16872122883796692 0.3952491879463196 0.02993045747280121 0.03116747736930847 0.0013833874836564064
0.35669779777526855 0.2849844992160797 0.027343183755874634 0.022001981735229492 0.001366162090562284
0.689534068107605 0.2553631067276001 0.014221727848052979 0.019523054361343384 0.0013645438011735678
0.7345061302185059 0.4954942762851715 0.010926902294158936 0.012376010417938232 0.001356647233478725
0.605329692363739 0.8884998559951782 0.05413973331451416 0.047868311405181885 0.0013540275394916534
0.49642977118492126 0.7123240232467651 0.05267411470413208 0.04277747869491577 0.0013313713716343045
0.36634138226509094 0.5948473215103149 0.025226891040802002 0.02303105592727661 0.001307701226323843
0.3520888686180115 0.7052843570709229 0.03964969515800476 0.043292880058288574 0.0012940518790856004
0.45804262161254883 0.3043312430381775 0.03912842273712158 0.03285226225852966 0.0012939353473484516
0.1595609486103058 0.3824158310890198 0.03642864525318146 0.02464461326599121 0.0012635720195248723
0.24438337981700897 0.4634438157081604 0.029471546411514282 0.02651938796043396 0.001253866939805448
0.7542139291763306 0.7013556361198425 0.015538632869720459 0.015646934509277344 0.001251372741535306
0.24921995401382446 0.48364314436912537 0.020054593682289124 0.017152786254882812 0.001251216046512127
0.7870798707008362 0.5565484762191772 0.01711750030517578 0.022205054759979248 0.0012503952020779252
0.6284776926040649 0.861885666847229 0.04228895902633667 0.03453749418258667 0.0012354090576991439
0.7556873559951782 0.6979839205741882 0.020185649394989014 0.023998618125915527 0.0012217037146911025
0.3374810814857483 0.3708612322807312 0.02726307511329651 0.02405145764350891 0.0011792683508247137
0.4346158504486084 0.7337220311164856 0.03263270854949951 0.04395771026611328 0.0011610747314989567
0.25050026178359985 0.4616519808769226 0.028550103306770325 0.02686786651611328 0.0011562751606106758
0.36705005168914795 0.5935338139533997 0.020320981740951538 0.018430352210998535 0.0011550813214853406
0.3047596514225006 0.54087895154953 0.03644275665283203 0.03331947326660156 0.0011273683048784733
0.5583328008651733 0.27343684434890747 0.02834707498550415 0.025075435638427734 0.0011271053226664662
0.0686369389295578 0.6498514413833618 0.03330283239483833 0.03501683473587036 0.0011253501288592815
0.676651656627655 0.8447507619857788 0.03476667404174805 0.03979569673538208 0.0011242834152653813
0.2682000398635864 0.5774182081222534 0.03353205323219299 0.02869623899459839 0.001115906867198646
0.654671847820282 0.5097059011459351 0.01524055004119873 0.014507710933685303 0.0011050523025915027
0.2077837437391281 0.744143009185791 0.029794543981552124 0.0300443172454834 0.0011021563550457358
0.23973943293094635 0.6598373651504517 0.04989728331565857 0.044335365295410156 0.0010963801760226488
0.6523730754852295 0.6639821529388428 0.03701329231262207 0.036534130573272705 0.0010904622031375766
0.44199904799461365 0.8171730041503906 0.03122633695602417 0.02889573574066162 0.0010550019796937704
0.6903787851333618 0.3191828727722168 0.02750641107559204 0.02852451801300049 0.0010521826334297657
0.34244123101234436 0.2911301255226135 0.03697347640991211 0.031015545129776 0.001051681931130588
0.5216391086578369 0.8264373540878296 0.03446072340011597 0.029238522052764893 0.0010488498955965042
0.7274633646011353 0.6912215948104858 0.020882129669189453 0.024084866046905518 0.0010420791804790497
0.5758846998214722 0.8822885751724243 0.035317838191986084 0.025043070316314697 0.0010287665063515306
0.1821669489145279 0.6392878293991089 0.03007546067237854 0.025666236877441406 0.0010202456032857299
0.6862057447433472 0.7567204236984253 0.037402331829071045 0.03710174560546875 0.001018871203996241
0.7197543382644653 0.4936847686767578 0.013171672821044922 0.012549996376037598 0.0010104173561558127
0.77030348777771 0.6894663572311401 0.019107043743133545 0.02125948667526245 0.0009946688078343868
0.6930132508277893 0.6569970846176147 0.049057960510253906 0.039709508419036865 0.0009710810845717788
0.7270753979682922 0.6916738748550415 0.023851871490478516 0.025541722774505615 0.0009538452723063529
0.198248952627182 0.3725443482398987 0.018445923924446106 0.02333781123161316 0.0009516194695606828
0.7259653806686401 0.7344555854797363 0.018043935298919678 0.018608808517456055 0.000951073772739619
0.9623991250991821 0.9946654438972473 0.020702779293060303 0.010669112205505371 0.0009452064987272024
0.4764281213283539 0.2197013646364212 0.03517550230026245 0.031101614236831665 0.0009294982883147895
0.3364207148551941 0.6347787380218506 0.041630178689956665 0.03551405668258667 0.0009252707241103053
0.5356003046035767 0.6870152950286865 0.04702991247177124 0.03991061449050903 0.0009172740974463522
0.5562335252761841 0.27674055099487305 0.03231292963027954 0.028840452432632446 0.0009148925310000777
0.4745883047580719 0.7117874622344971 0.052412450313568115 0.04573094844818115 0.0009100678144022822
0.3190034031867981 0.5441482067108154 0.04631829261779785 0.035806894302368164 0.0009049630607478321
0.21189074218273163 0.17964917421340942 0.015337377786636353 0.0148591548204422 0.0008816884364932775
0.2631649672985077 0.6714766621589661 0.03313194215297699 0.03290557861328125 0.0008798166527412832
0.35138165950775146 0.7020186185836792 0.034014374017715454 0.03409475088119507 0.0008766743121668696
0.10712453722953796 0.5864202976226807 0.028636179864406586 0.02370375394821167 0.0008475992362946272
0.7351880073547363 0.7545885443687439 0.028807997703552246 0.039175987243652344 0.0008455426432192326
0.7248020172119141 0.7343741059303284 0.022333502769470215 0.02177417278289795 0.0008389308932237327
0.45130762457847595 0.3592991828918457 0.03000783920288086 0.027273952960968018 0.0008386695408262312
0.4279046058654785 0.3364607095718384 0.027406692504882812 0.022756218910217285 0.0008339511114172637
0.6721662282943726 0.6187816262245178 0.04597347974777222 0.035550475120544434 0.0008297919412143528
0.2536613345146179 0.6627333164215088 0.04641363024711609 0.04274725914001465 0.0008196563576348126
0.6980373859405518 0.8128733038902283 0.02709883451461792 0.03018033504486084 0.0008187618223018944
0.49017828702926636 0.32338422536849976 0.018561750650405884 0.015989035367965698 0.0008120887796394527
0.5750689506530762 0.8795026540756226 0.04439800977706909 0.032162249088287354 0.0008067560265772045
0.5440688133239746 0.6847786903381348 0.04463648796081543 0.03313791751861572 0.0007945013348944485
0.6150898933410645 0.6716559529304504 0.04097062349319458 0.035952210426330566 0.0007835044525563717
0.7610883712768555 0.6880197525024414 0.025223970413208008 0.028345942497253418 0.0007804057677276433
0.6599303483963013 0.9043115377426147 0.051143646240234375 0.04876059293746948 0.0007743285386823118
0.3379266560077667 0.5749933123588562 0.0423160195350647 0.03142893314361572 0.0007722909213043749
0.4060618281364441 0.6392621994018555 0.05461117625236511 0.040538489818573 0.0007643062272109091
0.5671813488006592 0.7069517374038696 0.028073132038116455 0.021957814693450928 0.0007628901512362063
0.49961650371551514 0.7255691289901733 0.04748055338859558 0.03180450201034546 0.0007530657458119094
0.2016463279724121 0.3679942488670349 0.014185726642608643 0.014773160219192505 0.0007428518147207797
0.6045186519622803 0.5580021142959595 0.04212838411331177 0.03544330596923828 0.0007374773849733174
0.143854558467865 0.39161527156829834 0.015837743878364563 0.017460256814956665 0.0007350945961661637
0.5381513833999634 0.9286163449287415 0.03838843107223511 0.03926050662994385 0.0007252545328810811
0.7623815536499023 0.6534898281097412 0.02586817741394043 0.0304071307182312 0.0007179237436503172
0.6694881916046143 0.7525656223297119 0.039942026138305664 0.03722268342971802 0.0007039154297672212
0.20994552969932556 0.4846351742744446 0.015545845031738281 0.015315443277359009 0.0006994334980845451
0.5051460862159729 0.23922543227672577 0.044744282960891724 0.039192527532577515 0.0006976397125981748
0.7396400570869446 0.7550358772277832 0.02353227138519287 0.030055522918701172 0.0006972774863243103
0.7313536405563354 0.7468253374099731 0.03186863660812378 0.04614800214767456 0.0006953345146030188
0.09362274408340454 0.6025916934013367 0.030452609062194824 0.029895782470703125 0.000680880038999021
0.38148415088653564 0.8245326280593872 0.04604092240333557 0.036778271198272705 0.0006770968320779502
0.07713059335947037 0.6536880731582642 0.022190168499946594 0.02248138189315796 0.0006742451223544776
0.6190609931945801 0.2637860178947449 0.03033447265625 0.028614267706871033 0.0006636749021708965
0.7388629913330078 0.748070240020752 0.02898573875427246 0.04561537504196167 0.000662222329992801
0.43617427349090576 0.6839090585708618 0.04401978850364685 0.040315449237823486 0.0006614691810682416
0.3125457465648651 0.25179991126060486 0.02666562795639038 0.02051602303981781 0.0006543560302816331
0.39934420585632324 0.7318154573440552 0.0485265851020813 0.04989892244338989 0.0006468046340160072
0.637513279914856 0.8619273900985718 0.024084627628326416 0.027674496173858643 0.0006332729826681316
0.5087485909461975 0.7378970384597778 0.0511343777179718 0.035084068775177 0.0006225380930118263
0.7532840967178345 0.3779761791229248 0.024384677410125732 0.023362040519714355 0.0006051608361303806
0.45022663474082947 0.35697752237319946 0.036016643047332764 0.034147828817367554 0.0006026642513461411
