x y width height conf
0.7573543787002563 0.5115240812301636 0.02908414602279663 0.025661498308181763 0.4674454629421234
0.8454042673110962 0.7407006025314331 0.032305896282196045 0.03018885850906372 0.39757001399993896
0.5327161550521851 0.23740358650684357 0.034841954708099365 0.030757755041122437 0.3908359706401825
0.3341168761253357 0.20776939392089844 0.022825807332992554 0.02165280282497406 0.3634392321109772
0.8797603845596313 0.7670429944992065 0.027594387531280518 0.02852576971054077 0.3555540442466736
0.5714592933654785 0.7969797253608704 0.02313864231109619 0.02283322811126709 0.35233646631240845
0.5655375719070435 0.8244218826293945 0.02208232879638672 0.019788146018981934 0.32699698209762573
0.803685188293457 0.7334375381469727 0.03392672538757324 0.03397524356842041 0.32694512605667114
0.6202350854873657 0.7657219767570496 0.028916537761688232 0.025110602378845215 0.31451132893562317
0.6578330993652344 0.6360126733779907 0.02637416124343872 0.02353900671005249 0.30709120631217957
0.8458583354949951 0.8727020025253296 0.02634507417678833 0.0254058837890625 0.30584460496902466
0.6563053131103516 0.7566813230514526 0.043564558029174805 0.03551238775253296 0.2973039448261261
0.5321378111839294 0.7413973808288574 0.019988536834716797 0.02121865749359131 0.29002654552459717
0.7449352741241455 0.2859957814216614 0.03126692771911621 0.03195121884346008 0.2771039307117462
0.6348674893379211 0.8032782077789307 0.02185344696044922 0.020037829875946045 0.2609880268573761
0.8750393390655518 0.590788722038269 0.024965107440948486 0.024049222469329834 0.26014700531959534
0.7053018808364868 0.8795222043991089 0.04495292901992798 0.033256709575653076 0.25993818044662476
0.3343491554260254 0.20844873785972595 0.028419166803359985 0.02785654366016388 0.25319457054138184
0.6261544227600098 0.6563050150871277 0.02421700954437256 0.021081089973449707 0.24659153819084167
0.7207891345024109 0.20194166898727417 0.047585129737854004 0.039445117115974426 0.23644796013832092
0.5921108722686768 0.8670514225959778 0.02431201934814453 0.022809386253356934 0.22759170830249786
0.7795484662055969 0.39867645502090454 0.019432425498962402 0.01991748809814453 0.22231565415859222
0.7938477993011475 0.7005956172943115 0.03224194049835205 0.02645951509475708 0.21289151906967163
0.8442060947418213 0.87291419506073 0.03559952974319458 0.031062662601470947 0.21101556718349457
0.7963953018188477 0.7856221199035645 0.038077592849731445 0.036850929260253906 0.209483802318573
0.6344301700592041 0.8036168813705444 0.0280187726020813 0.02457141876220703 0.19954264163970947
0.7173819541931152 0.30846673250198364 0.027309179306030273 0.025747090578079224 0.19684988260269165
0.618243396282196 0.6833851337432861 0.02514016628265381 0.02266329526901245 0.1961870789527893
0.5167194604873657 0.5162996053695679 0.033581316471099854 0.03213310241699219 0.1961221843957901
0.5168663263320923 0.516521155834198 0.032929420471191406 0.030225753784179688 0.18435148894786835
0.3881145119667053 0.6643016934394836 0.02323243021965027 0.020777344703674316 0.18053095042705536
0.5442886352539062 0.7115631699562073 0.027040839195251465 0.026895999908447266 0.17873990535736084
0.7074552774429321 0.6255898475646973 0.022243499755859375 0.020044982433319092 0.17320173978805542
0.6188818216323853 0.765845537185669 0.028581082820892334 0.028028666973114014 0.16814644634723663
0.7178877592086792 0.3088229298591614 0.036348164081573486 0.03123292326927185 0.16694261133670807
0.6565567255020142 0.7581236958503723 0.043731689453125 0.03372955322265625 0.16612523794174194
0.2968115210533142 0.28979164361953735 0.02740737795829773 0.0310000479221344 0.16546013951301575
0.3869876265525818 0.661378026008606 0.02814820408821106 0.027331411838531494 0.16385765373706818
0.7560347318649292 0.6751953959465027 0.029893815517425537 0.02541649341583252 0.144736185669899
0.7239223122596741 0.14958186447620392 0.023946285247802734 0.021862655878067017 0.1406339854001999
0.8828155398368835 0.9654560089111328 0.0214385986328125 0.020015358924865723 0.1380992829799652
0.7700608968734741 0.7813141345977783 0.027418792247772217 0.0301855206489563 0.1358521282672882
0.8031852841377258 0.7330362200737 0.041979193687438965 0.0399547815322876 0.13354608416557312
0.6835222244262695 0.610098123550415 0.022592365741729736 0.020161330699920654 0.13157807290554047
0.746799647808075 0.2812448740005493 0.032898902893066406 0.038604676723480225 0.12677709758281708
0.8160784840583801 0.6760463714599609 0.02805006504058838 0.02308523654937744 0.12330055236816406
0.6026101112365723 0.7006991505622864 0.027159929275512695 0.025665879249572754 0.11372113972902298
0.8752897381782532 0.5911052227020264 0.030971884727478027 0.03105241060256958 0.11237321048974991
0.7215770483016968 0.20434939861297607 0.049830853939056396 0.04357948899269104 0.11223136633634567
0.9107568264007568 0.8612655401229858 0.022690951824188232 0.02362060546875 0.11096397787332535
0.7550126910209656 0.6743886470794678 0.03540003299713135 0.030939877033233643 0.10803309082984924
0.7844569683074951 0.7826292514801025 0.047854602336883545 0.03219527006149292 0.10727964341640472
0.8794177770614624 0.7699612379074097 0.03353768587112427 0.03351813554763794 0.10537562519311905
0.882717490196228 0.9651745557785034 0.02567291259765625 0.024261057376861572 0.10228399187326431
0.7780762910842896 0.39883148670196533 0.025274693965911865 0.024961411952972412 0.09939263761043549
0.6261005401611328 0.6582009196281433 0.03004288673400879 0.026472926139831543 0.09754996746778488
0.5331047773361206 0.7417032718658447 0.02675628662109375 0.025184810161590576 0.08330962061882019
0.7733626365661621 0.781135082244873 0.03630030155181885 0.03368949890136719 0.07978786528110504
0.6101405620574951 0.8012792468070984 0.031013011932373047 0.02615821361541748 0.07709216326475143
0.7441251277923584 0.777588427066803 0.02021867036819458 0.019632935523986816 0.07690130919218063
0.708499014377594 0.6266176700592041 0.02775430679321289 0.024305105209350586 0.07565925270318985
0.7656132578849792 0.7791237831115723 0.03685319423675537 0.030638933181762695 0.07376810908317566
0.8437261581420898 0.745126485824585 0.03879857063293457 0.036312878131866455 0.07373970001935959
0.8724052906036377 0.8076537251472473 0.022423923015594482 0.020027518272399902 0.07157142460346222
0.7097057104110718 0.9080911874771118 0.02194422483444214 0.019044876098632812 0.07130192965269089
0.7669094800949097 0.8175113201141357 0.02415066957473755 0.021822750568389893 0.07071865350008011
0.8171749114990234 0.8941356539726257 0.020321249961853027 0.019108176231384277 0.06876695156097412
0.5454932451248169 0.7120041251182556 0.03020256757736206 0.026179790496826172 0.06764315813779831
0.7180474400520325 0.7410774230957031 0.035051703453063965 0.02857041358947754 0.06707156449556351
0.7448358535766602 0.28219714760780334 0.037503063678741455 0.04063534736633301 0.06328200548887253
0.7439484596252441 0.778343677520752 0.024231314659118652 0.025553464889526367 0.0630873367190361
0.830001711845398 0.6980152130126953 0.027267873287200928 0.026753604412078857 0.06110658124089241
0.7565762996673584 0.510887861251831 0.04362034797668457 0.037240684032440186 0.059629108756780624
0.6181961894035339 0.8016169667243958 0.0449146032333374 0.026519775390625 0.058536596596241
0.7937971353530884 0.7046554088592529 0.0371551513671875 0.031933486461639404 0.0580376498401165
0.8726425170898438 0.8078435659408569 0.029205322265625 0.02529352903366089 0.05630689114332199
0.8600147366523743 0.6706803441047668 0.029056191444396973 0.028885841369628906 0.05342136323451996
0.8594074249267578 0.6729094982147217 0.03428196907043457 0.036811649799346924 0.051731500774621964
0.881086528301239 0.7694859504699707 0.034186363220214844 0.03539973497390747 0.05159326642751694
0.703210711479187 0.8795821666717529 0.055006563663482666 0.040553271770477295 0.04983232170343399
0.7924298048019409 0.7838003039360046 0.04980248212814331 0.04003298282623291 0.0489528626203537
0.7086399793624878 0.6341731548309326 0.033507347106933594 0.0373767614364624 0.048913873732089996
0.3377036452293396 0.3089616596698761 0.022669881582260132 0.020825684070587158 0.04859431833028793
0.8480955362319946 0.7213382124900818 0.02397209405899048 0.018969416618347168 0.0478631854057312
0.7520333528518677 0.7221708297729492 0.03452509641647339 0.03402900695800781 0.047606438398361206
0.35912787914276123 0.3547731041908264 0.017497390508651733 0.01807466149330139 0.0472431480884552
0.5925599932670593 0.8708731532096863 0.02619493007659912 0.02971971035003662 0.04703577235341072
0.5322294235229492 0.2372722625732422 0.04671907424926758 0.039642512798309326 0.045630402863025665
0.7101945877075195 0.6471043825149536 0.030142486095428467 0.025782763957977295 0.04477071389555931
0.8172470331192017 0.894669234752655 0.02545166015625 0.02367687225341797 0.04405474290251732
0.7209599614143372 0.20291221141815186 0.05816209316253662 0.055372387170791626 0.0435943566262722
0.7177200317382812 0.19875496625900269 0.03758049011230469 0.032036975026130676 0.04350164532661438
0.6258292198181152 0.6554638147354126 0.029404938220977783 0.027375400066375732 0.04285372793674469
0.3574238419532776 0.6136862635612488 0.015279024839401245 0.016016602516174316 0.041600074619054794
0.29573187232017517 0.28932514786720276 0.03473585844039917 0.03630608320236206 0.041098713874816895
0.7481138706207275 0.9275252819061279 0.017679035663604736 0.017560184001922607 0.04009266197681427
0.874758243560791 0.9945958852767944 0.02586233615875244 0.010601818561553955 0.03833566606044769
0.8093226552009583 0.552403450012207 0.01984727382659912 0.018187880516052246 0.03703313693404198
0.5695140957832336 0.797100841999054 0.030600547790527344 0.026430726051330566 0.03659466654062271
0.766120195388794 0.8173047304153442 0.030015170574188232 0.02749156951904297 0.03537511080503464
0.718738853931427 0.7418301105499268 0.03489840030670166 0.033051371574401855 0.03500993549823761
0.8260669708251953 0.8861300945281982 0.03359568119049072 0.035206615924835205 0.0346214696764946
0.6233940720558167 0.6627910137176514 0.03130042552947998 0.035471558570861816 0.03381132334470749
0.8092753887176514 0.5526292324066162 0.02486974000930786 0.022879421710968018 0.033802397549152374
0.3976172208786011 0.2620035409927368 0.02340659499168396 0.023672014474868774 0.0337219163775444
0.39135003089904785 0.26622238755226135 0.029072284698486328 0.028827369213104248 0.03273478522896767
0.5305852890014648 0.2427276074886322 0.03951668739318848 0.04161606729030609 0.03209131583571434
0.6349342465400696 0.6719279289245605 0.0306016206741333 0.02758502960205078 0.030935993418097496
0.7480815649032593 0.9272004961967468 0.021963894367218018 0.02185380458831787 0.030377116054296494
0.5689119100570679 0.8234876394271851 0.03226214647293091 0.027645528316497803 0.03012993186712265
0.7068888545036316 0.6237698793411255 0.032761454582214355 0.029538333415985107 0.029899371787905693
0.3938223123550415 0.2643360495567322 0.026966184377670288 0.026448816061019897 0.029508767649531364
0.3604082465171814 0.33505910634994507 0.01737383008003235 0.014955520629882812 0.029395893216133118
0.840009331703186 0.7489490509033203 0.037154972553253174 0.03694939613342285 0.028911562636494637
0.35846415162086487 0.3562801480293274 0.02350473403930664 0.02018764615058899 0.028471071273088455
0.7844286561012268 0.4913506507873535 0.02521038055419922 0.021506518125534058 0.028267590329051018
0.6197258234024048 0.7686240077018738 0.035072147846221924 0.030135154724121094 0.02809036709368229
0.6968768835067749 0.6203579306602478 0.030507266521453857 0.026976585388183594 0.027207976207137108
0.5935683250427246 0.8665030598640442 0.03189849853515625 0.027301430702209473 0.02713806927204132
0.7754899859428406 0.8094619512557983 0.04212033748626709 0.037211835384368896 0.026180077344179153
0.7466025352478027 0.2758568227291107 0.03399062156677246 0.031001389026641846 0.026090499013662338
0.7057418823242188 0.647608757019043 0.03810596466064453 0.0284387469291687 0.02595032937824726
0.8307607173919678 0.6916568279266357 0.03412359952926636 0.03592884540557861 0.024272235110402107
0.3330325484275818 0.20801016688346863 0.036009788513183594 0.03268538415431976 0.023580359295010567
0.6194836497306824 0.6840778589248657 0.03191792964935303 0.028004825115203857 0.023197203874588013
0.873867392539978 0.8062497973442078 0.03650587797164917 0.02998483180999756 0.022758031263947487
0.8492662906646729 0.673026442527771 0.03818017244338989 0.03254896402359009 0.02267613634467125
0.6192249059677124 0.6784498691558838 0.03385871648788452 0.028471648693084717 0.022242341190576553
0.8545122146606445 0.677888035774231 0.04556238651275635 0.04872339963912964 0.021578937768936157
0.6179602146148682 0.20863202214241028 0.020085513591766357 0.016583099961280823 0.021548716351389885
0.3787011504173279 0.8604529500007629 0.019960016012191772 0.01974964141845703 0.021411897614598274
0.5363081693649292 0.9222486019134521 0.01949363946914673 0.018507778644561768 0.02133200317621231
0.6329992413520813 0.8050105571746826 0.03400552272796631 0.03056412935256958 0.021297339349985123
0.6816027760505676 0.6097739934921265 0.03004741668701172 0.023803293704986572 0.021221140399575233
0.5918711423873901 0.8702489733695984 0.029542982578277588 0.0293426513671875 0.020977074280381203
0.6386561393737793 0.6746233701705933 0.026615619659423828 0.023618876934051514 0.02090020291507244
0.668276309967041 0.6927766799926758 0.026581168174743652 0.023533105850219727 0.020783964544534683
0.7994407415390015 0.7895233631134033 0.04800456762313843 0.04443812370300293 0.020384039729833603
0.7197127342224121 0.9114720225334167 0.02943587303161621 0.023031234741210938 0.02002134546637535
0.9933820962905884 0.598983108997345 0.01293259859085083 0.027578353881835938 0.019887808710336685
0.7656744718551636 0.5059210658073425 0.03889971971511841 0.03634032607078552 0.019337978214025497
0.706264853477478 0.8910881280899048 0.040678560733795166 0.054221928119659424 0.018958568572998047
0.9916075468063354 0.597006618976593 0.016784846782684326 0.03008592128753662 0.018939802423119545
0.7480389475822449 0.9271739721298218 0.02782309055328369 0.026307642459869385 0.018464399501681328
0.8580038547515869 0.6774262189865112 0.03957480192184448 0.0397222638130188 0.018370790407061577
0.7067517042160034 0.6491230130195618 0.03780895471572876 0.029892563819885254 0.018081968650221825
0.45564210414886475 0.41112956404685974 0.020008951425552368 0.017610371112823486 0.017710905522108078
0.809431254863739 0.5522159337997437 0.03058147430419922 0.0267525315284729 0.01765318587422371
0.8134958148002625 0.6822208166122437 0.04915773868560791 0.0428125262260437 0.017421012744307518
0.38541531562805176 0.6502871513366699 0.027577102184295654 0.025936245918273926 0.017235709354281425
0.7329413294792175 0.9208177328109741 0.025908827781677246 0.028957366943359375 0.017216980457305908
0.7288565635681152 0.913272500038147 0.02097344398498535 0.019827067852020264 0.016898173838853836
0.8938825726509094 0.6727722883224487 0.02094900608062744 0.0192297101020813 0.01687554270029068
0.838117778301239 0.7549008131027222 0.041423797607421875 0.037805140018463135 0.016435028985142708
0.4435460567474365 0.33155006170272827 0.020053565502166748 0.018519550561904907 0.016349557787179947
0.4438537657260895 0.3314801752567291 0.02468472719192505 0.02128547430038452 0.016339929774403572
0.7250578999519348 0.15037816762924194 0.03383982181549072 0.02844734489917755 0.01631251350045204
0.8158209323883057 0.8924647569656372 0.030281245708465576 0.031460583209991455 0.01609637960791588
0.7867934703826904 0.48983991146087646 0.030073940753936768 0.02588793635368347 0.01591951958835125
0.8164836168289185 0.7419652938842773 0.03977912664413452 0.04057276248931885 0.015662861987948418
0.7987732887268066 0.7171833515167236 0.047421813011169434 0.05676686763763428 0.015529048629105091
0.36004579067230225 0.349002480506897 0.020211130380630493 0.028279781341552734 0.015213205479085445
0.7096912860870361 0.25335681438446045 0.03301793336868286 0.030299603939056396 0.015109951607882977
0.822647750377655 0.674558699131012 0.04239368438720703 0.029943108558654785 0.014566156081855297
0.8795002698898315 0.7654750943183899 0.04435443878173828 0.043666839599609375 0.01415818277746439
0.5340445637702942 0.9215154647827148 0.022669434547424316 0.022792458534240723 0.013968721963465214
0.9233261346817017 0.565561056137085 0.021603047847747803 0.02130204439163208 0.01387759204953909
0.839874267578125 0.874538779258728 0.05099678039550781 0.04074138402938843 0.013743904419243336
0.9026902914047241 0.5046639442443848 0.019768178462982178 0.023664474487304688 0.013582233339548111
0.42564141750335693 0.9948545098304749 0.025477975606918335 0.010290980339050293 0.01334906741976738
0.9422229528427124 0.9176099300384521 0.02147388458251953 0.01969069242477417 0.013328935019671917
0.8318023681640625 0.8790351748466492 0.047593116760253906 0.045050978660583496 0.013068539090454578
0.36243361234664917 0.3484407067298889 0.02429795265197754 0.02589234709739685 0.013007737696170807
0.7468293309211731 0.28663599491119385 0.04449331760406494 0.0472465455532074 0.012895162217319012
0.7014777660369873 0.6534444093704224 0.036437273025512695 0.028230249881744385 0.012456514872610569
0.8343994617462158 0.701022207736969 0.03663522005081177 0.03504359722137451 0.012291665188968182
0.6160672903060913 0.20895330607891083 0.0265386700630188 0.02124801278114319 0.012112544849514961
0.34442025423049927 0.271639883518219 0.016808360815048218 0.015354156494140625 0.01193107757717371
0.7552093267440796 0.6724482774734497 0.042852818965911865 0.0369110107421875 0.011685065925121307
0.788141131401062 0.2930588722229004 0.01896613836288452 0.018921077251434326 0.01140473410487175
0.8846635818481445 0.5901468992233276 0.046607017517089844 0.03223055601119995 0.011345052160322666
0.87709641456604 0.7815531492233276 0.04276961088180542 0.039927661418914795 0.011294924654066563
0.9226188659667969 0.5652786493301392 0.026559829711914062 0.027742207050323486 0.011198804713785648
0.7865249514579773 0.49003148078918457 0.02820873260498047 0.024484634399414062 0.011012360453605652
0.8734481930732727 0.5908074378967285 0.04352378845214844 0.04015529155731201 0.0108322249725461
0.8820362091064453 0.9675880670547485 0.03543543815612793 0.033990442752838135 0.010630035772919655
0.6968079805374146 0.6555771827697754 0.02824455499649048 0.02459782361984253 0.010513830929994583
0.9080222845077515 0.8615663647651672 0.03449821472167969 0.029817581176757812 0.010496705770492554
0.9016827344894409 0.4995160400867462 0.023048579692840576 0.038110435009002686 0.010369282215833664
0.5965482592582703 0.8768032193183899 0.02989041805267334 0.033029913902282715 0.010252210311591625
0.7773564457893372 0.39863860607147217 0.03576993942260742 0.02981385588645935 0.010174084454774857
0.8623251914978027 0.6791717410087585 0.04580247402191162 0.04811513423919678 0.01008716318756342
0.6128878593444824 0.7984498739242554 0.04155862331390381 0.03181415796279907 0.010007691569626331
0.3571012616157532 0.6137950420379639 0.01790475845336914 0.019908607006072998 0.009882024489343166
0.9411576986312866 0.9173803329467773 0.026351511478424072 0.023476839065551758 0.009251564741134644
0.3842669129371643 0.6586812734603882 0.03638681769371033 0.031095683574676514 0.009161122143268585
0.5341739654541016 0.7411035299301147 0.028220415115356445 0.025771915912628174 0.009076704271137714
0.6564890146255493 0.6400041580200195 0.04452246427536011 0.04289281368255615 0.008748381398618221
0.6305626034736633 0.660653829574585 0.03346526622772217 0.026543855667114258 0.00865804124623537
0.854350209236145 0.669426441192627 0.04285144805908203 0.03730297088623047 0.008555022068321705
0.5213098526000977 0.2639874517917633 0.021061301231384277 0.016312777996063232 0.008366326801478863
0.9911311268806458 0.6010217666625977 0.017737746238708496 0.040715575218200684 0.008269735611975193
0.8541299700737 0.48571985960006714 0.029672980308532715 0.02888047695159912 0.008267839439213276
0.8108574151992798 0.6573544144630432 0.03636568784713745 0.03132212162017822 0.008240601979196072
0.8855273723602295 0.7034770250320435 0.022120296955108643 0.020324885845184326 0.008144699968397617
0.8211113214492798 0.6811200380325317 0.03974342346191406 0.03734302520751953 0.007958109490573406
0.6052216291427612 0.6964666843414307 0.036163330078125 0.032069385051727295 0.007913578301668167
0.718059778213501 0.7257531881332397 0.033256351947784424 0.03599363565444946 0.007803584448993206
0.9391218423843384 0.7211138606071472 0.03414839506149292 0.03591728210449219 0.00779716344550252
0.9233028888702393 0.5650374293327332 0.02397233247756958 0.024513602256774902 0.007746691349893808
0.44530004262924194 0.3321754038333893 0.027276992797851562 0.023956477642059326 0.007743843365460634
0.9423688650131226 0.9190870523452759 0.03232342004776001 0.0289154052734375 0.007695734966546297
0.993111789226532 0.593807578086853 0.013776421546936035 0.03128141164779663 0.007692018058151007
0.7212148904800415 0.30485448241233826 0.04697781801223755 0.03952568769454956 0.007492429111152887
0.9069305658340454 0.5871747732162476 0.023041188716888428 0.023199737071990967 0.007433542516082525
0.7900378108024597 0.6938692927360535 0.040738701820373535 0.03766298294067383 0.007374749518930912
0.7179404497146606 0.7428901195526123 0.04019397497177124 0.035986125469207764 0.00714914919808507
0.6376587748527527 0.2457887828350067 0.022876739501953125 0.02016967535018921 0.0071228318847715855
0.3590991199016571 0.35751229524612427 0.025879859924316406 0.027217596769332886 0.007056862115859985
0.34164896607398987 0.3562604784965515 0.023080170154571533 0.021237999200820923 0.007053792010992765
0.7312983274459839 0.7251753807067871 0.04981189966201782 0.04318559169769287 0.006966226268559694
0.6008650064468384 0.7047945261001587 0.035060107707977295 0.03348499536514282 0.00676760682836175
0.7553334832191467 0.7267999649047852 0.040068984031677246 0.03807330131530762 0.006677025463432074
0.6047229766845703 0.8964717984199524 0.026428818702697754 0.02612459659576416 0.006675719749182463
0.8092162609100342 0.6539921164512634 0.031019985675811768 0.024893879890441895 0.006547919474542141
0.9948983192443848 0.51474928855896 0.010203361511230469 0.02446824312210083 0.006528870668262243
0.8904250860214233 0.6733319163322449 0.029805362224578857 0.029184937477111816 0.0065141711384058
0.8040767908096313 0.7976937294006348 0.045067012310028076 0.05968034267425537 0.006452411413192749
0.6819831728935242 0.6388437747955322 0.020250320434570312 0.024046719074249268 0.006390055641531944
0.8098616003990173 0.8173782825469971 0.023148655891418457 0.01910322904586792 0.0063818772323429585
0.4542221426963806 0.41113585233688354 0.025440961122512817 0.019960016012191772 0.00622249860316515
0.34372416138648987 0.2726898789405823 0.022116363048553467 0.021077066659927368 0.0062142000533640385
0.7113667726516724 0.7237132787704468 0.045085132122039795 0.03812021017074585 0.006131649482995272
0.5473030805587769 0.7110310196876526 0.03839874267578125 0.034961581230163574 0.006046023219823837
0.7684629559516907 0.7140539884567261 0.05103874206542969 0.04673558473587036 0.005966934375464916
0.6781158447265625 0.6206594705581665 0.03241312503814697 0.029235899448394775 0.005965370684862137
0.876538872718811 0.8049759864807129 0.04382556676864624 0.03678607940673828 0.005863731261342764
0.8844988942146301 0.9945366382598877 0.034116148948669434 0.009785473346710205 0.0058401962742209435
0.6257369518280029 0.6789819002151489 0.04378366470336914 0.03352445363998413 0.005778090097010136
0.5451523065567017 0.7093963623046875 0.03079277276992798 0.034242331981658936 0.005661679897457361
0.3370656967163086 0.3566785752773285 0.017909348011016846 0.01830226182937622 0.0056294831447303295
0.7524884939193726 0.5930984020233154 0.025955677032470703 0.022633731365203857 0.00562624866142869
0.7492668628692627 0.28268182277679443 0.048622310161590576 0.04590713977813721 0.005593239329755306
0.38382163643836975 0.862270176410675 0.02390354871749878 0.020349502563476562 0.005546570289880037
0.658185601234436 0.6338968276977539 0.03307628631591797 0.032819509506225586 0.005502109881490469
0.6147629022598267 0.8031690716743469 0.043406903743743896 0.036232590675354004 0.005490066017955542
0.7302039861679077 0.7336858510971069 0.051788151264190674 0.04334908723831177 0.005430243909358978
0.812397837638855 0.6527055501937866 0.04306715726852417 0.030207693576812744 0.005421238020062447
0.8801912069320679 0.7915395498275757 0.04300117492675781 0.051664650440216064 0.005353826563805342
0.8743201494216919 0.9919214248657227 0.032852351665496826 0.016157150268554688 0.00534473080188036
0.6937158107757568 0.6409869194030762 0.038604557514190674 0.037569642066955566 0.005321606528013945
0.7117501497268677 0.8859884142875671 0.048037052154541016 0.04807412624359131 0.005292593501508236
0.8496969938278198 0.8705776333808899 0.044534504413604736 0.03937685489654541 0.005291571840643883
0.6958301067352295 0.7177621722221375 0.034562885761260986 0.0331500768661499 0.005260043777525425
0.6602967977523804 0.7566528916358948 0.056827545166015625 0.042008399963378906 0.005252135451883078
0.7677211761474609 0.21906109154224396 0.02046746015548706 0.02150145173072815 0.005207967013120651
0.6642810106277466 0.6882671117782593 0.0348358154296875 0.027488529682159424 0.005113777704536915
0.6993511319160461 0.6576411724090576 0.038628220558166504 0.03301030397415161 0.005002377089112997
0.865526556968689 0.7618004083633423 0.05302852392196655 0.04748612642288208 0.004971204791218042
0.6230220794677734 0.8031919598579407 0.04992520809173584 0.035948753356933594 0.004906429909169674
0.9262832403182983 0.7275681495666504 0.021634280681610107 0.02315366268157959 0.004859974142163992
0.7431319355964661 0.7271981835365295 0.06012308597564697 0.05102205276489258 0.004788674879819155
0.803924560546875 0.517160177230835 0.025751471519470215 0.023905575275421143 0.004774787463247776
0.5988825559616089 0.7044832706451416 0.032630741596221924 0.030827343463897705 0.004753812216222286
0.9339594841003418 0.7228380441665649 0.03479957580566406 0.03495901823043823 0.004709720145910978
0.527027428150177 0.2672874629497528 0.0342479944229126 0.019590914249420166 0.004681062418967485
0.5747658014297485 0.8058336973190308 0.03615528345108032 0.03363323211669922 0.004638546612113714
0.952671229839325 0.9540268182754517 0.02386915683746338 0.023890316486358643 0.004631471820175648
0.7617980241775513 0.6864814758300781 0.03714799880981445 0.03515315055847168 0.0045776390470564365
0.7041130065917969 0.6510100364685059 0.04435759782791138 0.037322402000427246 0.004521397408097982
0.5731470584869385 0.23945075273513794 0.02315157651901245 0.021301284432411194 0.004494102671742439
0.8072268962860107 0.6671160459518433 0.04857754707336426 0.03870147466659546 0.004458446986973286
0.7046719789505005 0.873798668384552 0.04773944616317749 0.041473388671875 0.0044543007388710976
0.855370283126831 0.4849177896976471 0.023505032062530518 0.02456045150756836 0.004449942614883184
0.8874304294586182 0.7034714818000793 0.02937871217727661 0.025025367736816406 0.004399588797241449
0.6969262957572937 0.7121248245239258 0.031775474548339844 0.02946162223815918 0.00434020534157753
0.7017090320587158 0.7136813402175903 0.03949469327926636 0.030311167240142822 0.004272946622222662
0.34455737471580505 0.27115145325660706 0.022405624389648438 0.02258700132369995 0.004221065901219845
0.7441290616989136 0.923203706741333 0.03485971689224243 0.030512630939483643 0.004185120575129986
0.9200845956802368 0.5672265887260437 0.035096704959869385 0.037236571311950684 0.004142099060118198
0.6696797609329224 0.6921541094779968 0.034920692443847656 0.02708303928375244 0.004071394447237253
0.6439471244812012 0.6743228435516357 0.035474300384521484 0.027041196823120117 0.004018937703222036
0.5439684391021729 0.27925166487693787 0.03049027919769287 0.02700585126876831 0.0039868480525910854
0.8921259045600891 0.6827921867370605 0.037148118019104004 0.04756474494934082 0.003955204505473375
0.358024537563324 0.4843153953552246 0.0179385244846344 0.018804728984832764 0.003945485223084688
0.43155017495155334 0.5448604822158813 0.023540496826171875 0.019546329975128174 0.00394378462806344
0.8480398058891296 0.715256929397583 0.0416797399520874 0.03050065040588379 0.003934543579816818
0.805396556854248 0.5167208313941956 0.02172720432281494 0.01866304874420166 0.003934130538254976
0.7056440711021423 0.7269118428230286 0.05389869213104248 0.04048001766204834 0.003918257541954517
0.3936880826950073 0.6596093773841858 0.03408583998680115 0.023784518241882324 0.003905604127794504
0.7511744499206543 0.7266124486923218 0.04784810543060303 0.04655402898788452 0.0038899697829037905
0.44362393021583557 0.3332788944244385 0.026664555072784424 0.02685534954071045 0.0038875716272741556
0.8222640156745911 0.6674481630325317 0.05878007411956787 0.04438823461532593 0.00387777341529727
0.7730808258056641 0.4972306489944458 0.04670679569244385 0.037427932024002075 0.0038735982961952686
0.9518032073974609 0.9524800777435303 0.028735756874084473 0.028364956378936768 0.0038366271182894707
0.9882513284683228 0.5956990718841553 0.022663891315460205 0.03595709800720215 0.0037837927229702473
0.40332233905792236 0.7860356569290161 0.023624509572982788 0.02493804693222046 0.0036991355009377003
0.6980278491973877 0.6189939975738525 0.045092761516571045 0.03500103950500488 0.0036166608333587646
0.7894991040229797 0.4899279475212097 0.040082573890686035 0.03338298201560974 0.0035513543989509344
0.655085563659668 0.7513779997825623 0.050923943519592285 0.040558457374572754 0.003544335253536701
